0	0.9888	-0.0740	-0.1296	0.0000	0.0858	0.9924	0.0882	0.0000	0.1221	-0.0983	0.9876	0.0000	0.1071	0.0013	0.0123	1.0000
1	0.9888	-0.0740	-0.1296	0.0000	0.0858	0.9924	0.0882	0.0000	0.1221	-0.0983	0.9876	0.0000	0.1071	0.0013	0.0123	1.0000
2	0.9898	-0.0716	-0.1230	0.0000	0.0827	0.9927	0.0874	0.0000	0.1159	-0.0966	0.9886	0.0000	0.1072	0.0011	0.0118	1.0000
3	0.9898	-0.0716	-0.1230	0.0000	0.0827	0.9927	0.0874	0.0000	0.1159	-0.0966	0.9886	0.0000	0.1072	0.0011	0.0118	1.0000
4	0.9898	-0.0731	-0.1219	0.0000	0.0842	0.9925	0.0881	0.0000	0.1146	-0.0975	0.9886	0.0000	0.1077	0.0010	0.0116	1.0000
5	0.9896	-0.0751	-0.1229	0.0000	0.0862	0.9924	0.0876	0.0000	0.1154	-0.0973	0.9885	0.0000	0.1083	0.0011	0.0115	1.0000
6	0.9896	-0.0753	-0.1227	0.0000	0.0864	0.9924	0.0877	0.0000	0.1152	-0.0974	0.9886	0.0000	0.1075	0.0010	0.0130	1.0000
7	0.9896	-0.0753	-0.1227	0.0000	0.0864	0.9924	0.0877	0.0000	0.1152	-0.0974	0.9886	0.0000	0.1075	0.0010	0.0130	1.0000
8	0.9891	-0.0771	-0.1251	0.0000	0.0885	0.9922	0.0882	0.0000	0.1173	-0.0983	0.9882	0.0000	0.1082	0.0013	0.0131	1.0000
9	0.9888	-0.0779	-0.1273	0.0000	0.0897	0.9919	0.0900	0.0000	0.1193	-0.1004	0.9878	0.0000	0.1090	0.0019	0.0133	1.0000
10	0.9888	-0.0779	-0.1273	0.0000	0.0897	0.9919	0.0900	0.0000	0.1193	-0.1004	0.9878	0.0000	0.1090	0.0019	0.0133	1.0000
11	0.9888	-0.0779	-0.1272	0.0000	0.0897	0.9919	0.0900	0.0000	0.1192	-0.1004	0.9878	0.0000	0.1088	0.0018	0.0133	1.0000
12	0.9891	-0.0761	-0.1264	0.0000	0.0879	0.9920	0.0907	0.0000	0.1185	-0.1009	0.9878	0.0000	0.1094	0.0022	0.0132	1.0000
13	0.9891	-0.0761	-0.1264	0.0000	0.0879	0.9920	0.0907	0.0000	0.1185	-0.1009	0.9878	0.0000	0.1094	0.0022	0.0132	1.0000
14	0.9892	-0.0764	-0.1255	0.0000	0.0880	0.9921	0.0899	0.0000	0.1176	-0.1000	0.9880	0.0000	0.1101	0.0024	0.0129	1.0000
15	0.9892	-0.0764	-0.1255	0.0000	0.0880	0.9921	0.0899	0.0000	0.1176	-0.1000	0.9880	0.0000	0.1101	0.0024	0.0129	1.0000
16	0.9891	-0.0781	-0.1251	0.0000	0.0895	0.9920	0.0887	0.0000	0.1171	-0.0989	0.9882	0.0000	0.1104	0.0023	0.0127	1.0000
17	0.9891	-0.0781	-0.1251	0.0000	0.0895	0.9920	0.0887	0.0000	0.1171	-0.0989	0.9882	0.0000	0.1104	0.0023	0.0127	1.0000
18	0.9892	-0.0783	-0.1238	0.0000	0.0896	0.9920	0.0885	0.0000	0.1158	-0.0986	0.9884	0.0000	0.1108	0.0022	0.0126	1.0000
19	0.9895	-0.0779	-0.1215	0.0000	0.0890	0.9921	0.0883	0.0000	0.1136	-0.0982	0.9887	0.0000	0.1112	0.0021	0.0125	1.0000
20	0.9895	-0.0779	-0.1215	0.0000	0.0890	0.9921	0.0883	0.0000	0.1136	-0.0982	0.9887	0.0000	0.1112	0.0021	0.0125	1.0000
21	0.9895	-0.0779	-0.1214	0.0000	0.0889	0.9921	0.0884	0.0000	0.1135	-0.0982	0.9887	0.0000	0.1106	0.0020	0.0129	1.0000
22	0.9898	-0.0778	-0.1195	0.0000	0.0887	0.9921	0.0882	0.0000	0.1117	-0.0979	0.9889	0.0000	0.1109	0.0019	0.0129	1.0000
23	0.9898	-0.0777	-0.1194	0.0000	0.0885	0.9922	0.0881	0.0000	0.1116	-0.0978	0.9889	0.0000	0.1112	0.0017	0.0128	1.0000
24	0.9898	-0.0777	-0.1194	0.0000	0.0885	0.9922	0.0881	0.0000	0.1116	-0.0978	0.9889	0.0000	0.1112	0.0017	0.0128	1.0000
25	0.9898	-0.0777	-0.1194	0.0000	0.0885	0.9922	0.0881	0.0000	0.1116	-0.0978	0.9889	0.0000	0.1112	0.0017	0.0128	1.0000
26	0.9897	-0.0778	-0.1199	0.0000	0.0886	0.9922	0.0880	0.0000	0.1121	-0.0977	0.9889	0.0000	0.1112	0.0015	0.0129	1.0000
27	0.9897	-0.0779	-0.1204	0.0000	0.0888	0.9922	0.0878	0.0000	0.1126	-0.0976	0.9888	0.0000	0.1115	0.0013	0.0129	1.0000
28	0.9897	-0.0779	-0.1204	0.0000	0.0888	0.9922	0.0878	0.0000	0.1126	-0.0976	0.9888	0.0000	0.1115	0.0013	0.0129	1.0000
29	0.9896	-0.0782	-0.1209	0.0000	0.0891	0.9922	0.0875	0.0000	0.1131	-0.0974	0.9888	0.0000	0.1118	0.0012	0.0130	1.0000
30	0.9896	-0.0782	-0.1209	0.0000	0.0891	0.9922	0.0875	0.0000	0.1131	-0.0974	0.9888	0.0000	0.1118	0.0012	0.0130	1.0000
31	0.9895	-0.0788	-0.1215	0.0000	0.0898	0.9921	0.0876	0.0000	0.1136	-0.0976	0.9887	0.0000	0.1120	0.0011	0.0132	1.0000
32	0.9895	-0.0788	-0.1215	0.0000	0.0898	0.9921	0.0876	0.0000	0.1136	-0.0976	0.9887	0.0000	0.1120	0.0011	0.0132	1.0000
33	0.9895	-0.0789	-0.1215	0.0000	0.0898	0.9921	0.0876	0.0000	0.1136	-0.0976	0.9887	0.0000	0.1119	0.0014	0.0138	1.0000
34	0.9894	-0.0790	-0.1216	0.0000	0.0901	0.9920	0.0882	0.0000	0.1136	-0.0982	0.9887	0.0000	0.1120	0.0014	0.0141	1.0000
35	0.9894	-0.0793	-0.1219	0.0000	0.0904	0.9919	0.0887	0.0000	0.1139	-0.0988	0.9886	0.0000	0.1121	0.0014	0.0144	1.0000
36	0.9894	-0.0793	-0.1219	0.0000	0.0904	0.9919	0.0887	0.0000	0.1139	-0.0988	0.9886	0.0000	0.1121	0.0014	0.0144	1.0000
37	0.9894	-0.0793	-0.1219	0.0000	0.0904	0.9919	0.0887	0.0000	0.1139	-0.0988	0.9886	0.0000	0.1121	0.0014	0.0144	1.0000
38	0.9893	-0.0798	-0.1225	0.0000	0.0910	0.9919	0.0891	0.0000	0.1144	-0.0993	0.9885	0.0000	0.1122	0.0015	0.0146	1.0000
39	0.9892	-0.0804	-0.1226	0.0000	0.0917	0.9918	0.0891	0.0000	0.1144	-0.0994	0.9885	0.0000	0.1122	0.0015	0.0146	1.0000
40	0.9892	-0.0804	-0.1226	0.0000	0.0917	0.9918	0.0891	0.0000	0.1144	-0.0994	0.9885	0.0000	0.1122	0.0015	0.0146	1.0000
41	0.9892	-0.0809	-0.1223	0.0000	0.0921	0.9918	0.0890	0.0000	0.1141	-0.0993	0.9885	0.0000	0.1124	0.0016	0.0147	1.0000
42	0.9892	-0.0809	-0.1223	0.0000	0.0921	0.9918	0.0890	0.0000	0.1141	-0.0993	0.9885	0.0000	0.1124	0.0016	0.0147	1.0000
43	0.9892	-0.0809	-0.1219	0.0000	0.0921	0.9917	0.0893	0.0000	0.1136	-0.0996	0.9885	0.0000	0.1125	0.0016	0.0149	1.0000
44	0.9892	-0.0809	-0.1219	0.0000	0.0921	0.9917	0.0893	0.0000	0.1136	-0.0996	0.9885	0.0000	0.1125	0.0016	0.0149	1.0000
45	0.9893	-0.0808	-0.1213	0.0000	0.0920	0.9917	0.0896	0.0000	0.1130	-0.0998	0.9886	0.0000	0.1126	0.0016	0.0144	1.0000
46	0.9893	-0.0808	-0.1213	0.0000	0.0920	0.9917	0.0896	0.0000	0.1130	-0.0998	0.9886	0.0000	0.1126	0.0016	0.0144	1.0000
47	0.9894	-0.0805	-0.1209	0.0000	0.0917	0.9917	0.0903	0.0000	0.1127	-0.1005	0.9885	0.0000	0.1127	0.0017	0.0145	1.0000
48	0.9894	-0.0805	-0.1209	0.0000	0.0917	0.9917	0.0903	0.0000	0.1127	-0.1005	0.9885	0.0000	0.1127	0.0017	0.0145	1.0000
49	0.9894	-0.0804	-0.1209	0.0000	0.0916	0.9917	0.0903	0.0000	0.1127	-0.1005	0.9885	0.0000	0.1127	0.0018	0.0147	1.0000
50	0.9894	-0.0804	-0.1209	0.0000	0.0916	0.9917	0.0903	0.0000	0.1127	-0.1005	0.9885	0.0000	0.1127	0.0018	0.0147	1.0000
51	0.9893	-0.0807	-0.1212	0.0000	0.0919	0.9917	0.0900	0.0000	0.1130	-0.1002	0.9885	0.0000	0.1128	0.0019	0.0148	1.0000
52	0.9893	-0.0806	-0.1212	0.0000	0.0919	0.9917	0.0900	0.0000	0.1129	-0.1002	0.9885	0.0000	0.1128	0.0018	0.0141	1.0000
53	0.9893	-0.0806	-0.1214	0.0000	0.0919	0.9917	0.0903	0.0000	0.1131	-0.1005	0.9885	0.0000	0.1129	0.0019	0.0142	1.0000
54	0.9893	-0.0806	-0.1214	0.0000	0.0919	0.9917	0.0903	0.0000	0.1131	-0.1005	0.9885	0.0000	0.1129	0.0019	0.0142	1.0000
55	0.9894	-0.0803	-0.1212	0.0000	0.0916	0.9916	0.0909	0.0000	0.1129	-0.1010	0.9885	0.0000	0.1130	0.0021	0.0143	1.0000
56	0.9894	-0.0803	-0.1212	0.0000	0.0916	0.9916	0.0909	0.0000	0.1129	-0.1010	0.9885	0.0000	0.1130	0.0021	0.0143	1.0000
57	0.9894	-0.0806	-0.1209	0.0000	0.0920	0.9916	0.0913	0.0000	0.1125	-0.1014	0.9885	0.0000	0.1133	0.0021	0.0141	1.0000
58	0.9894	-0.0806	-0.1209	0.0000	0.0920	0.9916	0.0913	0.0000	0.1125	-0.1014	0.9885	0.0000	0.1133	0.0021	0.0141	1.0000
59	0.9894	-0.0811	-0.1203	0.0000	0.0924	0.9915	0.0914	0.0000	0.1119	-0.1016	0.9885	0.0000	0.1136	0.0022	0.0142	1.0000
60	0.9894	-0.0811	-0.1203	0.0000	0.0924	0.9915	0.0914	0.0000	0.1119	-0.1016	0.9885	0.0000	0.1136	0.0022	0.0142	1.0000
61	0.9896	-0.0810	-0.1191	0.0000	0.0922	0.9915	0.0917	0.0000	0.1107	-0.1017	0.9886	0.0000	0.1140	0.0025	0.0144	1.0000
62	0.9896	-0.0810	-0.1191	0.0000	0.0922	0.9915	0.0917	0.0000	0.1107	-0.1017	0.9886	0.0000	0.1140	0.0025	0.0144	1.0000
63	0.9898	-0.0807	-0.1177	0.0000	0.0918	0.9915	0.0922	0.0000	0.1092	-0.1021	0.9888	0.0000	0.1143	0.0027	0.0144	1.0000
64	0.9898	-0.0807	-0.1177	0.0000	0.0918	0.9915	0.0922	0.0000	0.1092	-0.1021	0.9888	0.0000	0.1143	0.0027	0.0144	1.0000
65	0.9900	-0.0803	-0.1162	0.0000	0.0913	0.9915	0.0930	0.0000	0.1078	-0.1026	0.9889	0.0000	0.1149	0.0031	0.0146	1.0000
66	0.9900	-0.0803	-0.1162	0.0000	0.0913	0.9915	0.0930	0.0000	0.1078	-0.1026	0.9889	0.0000	0.1149	0.0031	0.0146	1.0000
67	0.9901	-0.0801	-0.1148	0.0000	0.0911	0.9915	0.0934	0.0000	0.1064	-0.1029	0.9890	0.0000	0.1155	0.0036	0.0149	1.0000
68	0.9903	-0.0801	-0.1132	0.0000	0.0909	0.9914	0.0937	0.0000	0.1047	-0.1031	0.9891	0.0000	0.1163	0.0042	0.0152	1.0000
69	0.9904	-0.0800	-0.1130	0.0000	0.0908	0.9915	0.0937	0.0000	0.1046	-0.1030	0.9892	0.0000	0.1160	0.0040	0.0148	1.0000
70	0.9905	-0.0804	-0.1111	0.0000	0.0911	0.9914	0.0942	0.0000	0.1026	-0.1034	0.9893	0.0000	0.1169	0.0045	0.0152	1.0000
71	0.9905	-0.0804	-0.1111	0.0000	0.0911	0.9914	0.0942	0.0000	0.1026	-0.1034	0.9893	0.0000	0.1169	0.0045	0.0152	1.0000
72	0.9907	-0.0813	-0.1094	0.0000	0.0918	0.9913	0.0947	0.0000	0.1007	-0.1039	0.9895	0.0000	0.1179	0.0052	0.0156	1.0000
73	0.9907	-0.0813	-0.1094	0.0000	0.0918	0.9913	0.0947	0.0000	0.1007	-0.1039	0.9895	0.0000	0.1179	0.0052	0.0156	1.0000
74	0.9907	-0.0813	-0.1094	0.0000	0.0918	0.9913	0.0947	0.0000	0.1007	-0.1039	0.9895	0.0000	0.1179	0.0052	0.0156	1.0000
75	0.9908	-0.0824	-0.1078	0.0000	0.0928	0.9911	0.0955	0.0000	0.0990	-0.1046	0.9896	0.0000	0.1190	0.0058	0.0160	1.0000
76	0.9908	-0.0824	-0.1078	0.0000	0.0928	0.9911	0.0955	0.0000	0.0990	-0.1046	0.9896	0.0000	0.1190	0.0058	0.0160	1.0000
77	0.9908	-0.0837	-0.1063	0.0000	0.0940	0.9909	0.0963	0.0000	0.0973	-0.1054	0.9897	0.0000	0.1201	0.0064	0.0165	1.0000
78	0.9908	-0.0837	-0.1063	0.0000	0.0940	0.9909	0.0963	0.0000	0.0973	-0.1054	0.9897	0.0000	0.1201	0.0064	0.0165	1.0000
79	0.9910	-0.0844	-0.1041	0.0000	0.0946	0.9908	0.0972	0.0000	0.0950	-0.1062	0.9898	0.0000	0.1213	0.0071	0.0170	1.0000
80	0.9913	-0.0842	-0.1014	0.0000	0.0942	0.9907	0.0983	0.0000	0.0922	-0.1070	0.9900	0.0000	0.1227	0.0078	0.0176	1.0000
81	0.9913	-0.0842	-0.1014	0.0000	0.0942	0.9907	0.0983	0.0000	0.0922	-0.1070	0.9900	0.0000	0.1227	0.0078	0.0176	1.0000
82	0.9913	-0.0842	-0.1014	0.0000	0.0942	0.9907	0.0983	0.0000	0.0922	-0.1070	0.9900	0.0000	0.1227	0.0079	0.0175	1.0000
83	0.9917	-0.0836	-0.0981	0.0000	0.0934	0.9907	0.0991	0.0000	0.0889	-0.1074	0.9902	0.0000	0.1241	0.0086	0.0181	1.0000
84	0.9920	-0.0832	-0.0948	0.0000	0.0926	0.9906	0.1002	0.0000	0.0856	-0.1082	0.9904	0.0000	0.1257	0.0093	0.0188	1.0000
85	0.9920	-0.0832	-0.0948	0.0000	0.0926	0.9906	0.1002	0.0000	0.0856	-0.1082	0.9904	0.0000	0.1257	0.0093	0.0188	1.0000
86	0.9920	-0.0832	-0.0948	0.0000	0.0926	0.9906	0.1002	0.0000	0.0856	-0.1082	0.9904	0.0000	0.1257	0.0093	0.0188	1.0000
87	0.9924	-0.0823	-0.0914	0.0000	0.0915	0.9906	0.1016	0.0000	0.0822	-0.1092	0.9906	0.0000	0.1277	0.0099	0.0194	1.0000
88	0.9928	-0.0811	-0.0878	0.0000	0.0900	0.9906	0.1027	0.0000	0.0786	-0.1099	0.9908	0.0000	0.1295	0.0104	0.0202	1.0000
89	0.9928	-0.0811	-0.0878	0.0000	0.0900	0.9906	0.1027	0.0000	0.0786	-0.1099	0.9908	0.0000	0.1295	0.0104	0.0202	1.0000
90	0.9931	-0.0805	-0.0848	0.0000	0.0892	0.9906	0.1036	0.0000	0.0757	-0.1104	0.9910	0.0000	0.1315	0.0107	0.0210	1.0000
91	0.9931	-0.0805	-0.0848	0.0000	0.0892	0.9906	0.1036	0.0000	0.0757	-0.1104	0.9910	0.0000	0.1315	0.0107	0.0210	1.0000
92	0.9934	-0.0804	-0.0823	0.0000	0.0888	0.9906	0.1041	0.0000	0.0731	-0.1107	0.9912	0.0000	0.1336	0.0109	0.0218	1.0000
93	0.9934	-0.0804	-0.0823	0.0000	0.0888	0.9906	0.1041	0.0000	0.0731	-0.1107	0.9912	0.0000	0.1336	0.0109	0.0218	1.0000
94	0.9936	-0.0801	-0.0793	0.0000	0.0881	0.9907	0.1040	0.0000	0.0702	-0.1103	0.9914	0.0000	0.1358	0.0107	0.0228	1.0000
95	0.9936	-0.0801	-0.0793	0.0000	0.0881	0.9907	0.1040	0.0000	0.0702	-0.1103	0.9914	0.0000	0.1358	0.0107	0.0228	1.0000
96	0.9939	-0.0804	-0.0760	0.0000	0.0880	0.9907	0.1035	0.0000	0.0670	-0.1095	0.9917	0.0000	0.1381	0.0107	0.0235	1.0000
97	0.9939	-0.0804	-0.0760	0.0000	0.0880	0.9907	0.1035	0.0000	0.0670	-0.1095	0.9917	0.0000	0.1381	0.0107	0.0235	1.0000
98	0.9941	-0.0809	-0.0722	0.0000	0.0881	0.9907	0.1034	0.0000	0.0632	-0.1092	0.9920	0.0000	0.1404	0.0106	0.0244	1.0000
99	0.9941	-0.0808	-0.0722	0.0000	0.0881	0.9907	0.1034	0.0000	0.0632	-0.1092	0.9920	0.0000	0.1402	0.0106	0.0245	1.0000
100	0.9944	-0.0815	-0.0680	0.0000	0.0883	0.9907	0.1034	0.0000	0.0589	-0.1088	0.9923	0.0000	0.1425	0.0106	0.0255	1.0000
101	0.9944	-0.0815	-0.0680	0.0000	0.0883	0.9907	0.1034	0.0000	0.0589	-0.1088	0.9923	0.0000	0.1425	0.0106	0.0255	1.0000
102	0.9946	-0.0826	-0.0628	0.0000	0.0888	0.9907	0.1033	0.0000	0.0536	-0.1083	0.9927	0.0000	0.1451	0.0105	0.0268	1.0000
103	0.9946	-0.0826	-0.0628	0.0000	0.0888	0.9907	0.1033	0.0000	0.0536	-0.1083	0.9927	0.0000	0.1451	0.0105	0.0268	1.0000
104	0.9948	-0.0835	-0.0581	0.0000	0.0892	0.9907	0.1033	0.0000	0.0489	-0.1079	0.9930	0.0000	0.1473	0.0104	0.0281	1.0000
105	0.9948	-0.0835	-0.0581	0.0000	0.0892	0.9907	0.1033	0.0000	0.0489	-0.1079	0.9930	0.0000	0.1473	0.0104	0.0281	1.0000
106	0.9950	-0.0843	-0.0536	0.0000	0.0894	0.9906	0.1031	0.0000	0.0444	-0.1074	0.9932	0.0000	0.1495	0.0103	0.0295	1.0000
107	0.9950	-0.0843	-0.0536	0.0000	0.0894	0.9906	0.1031	0.0000	0.0444	-0.1074	0.9932	0.0000	0.1495	0.0103	0.0295	1.0000
108	0.9952	-0.0849	-0.0495	0.0000	0.0896	0.9907	0.1023	0.0000	0.0403	-0.1063	0.9935	0.0000	0.1519	0.0101	0.0309	1.0000
109	0.9952	-0.0849	-0.0495	0.0000	0.0896	0.9907	0.1023	0.0000	0.0403	-0.1063	0.9935	0.0000	0.1519	0.0101	0.0309	1.0000
110	0.9953	-0.0851	-0.0455	0.0000	0.0893	0.9908	0.1019	0.0000	0.0364	-0.1054	0.9938	0.0000	0.1543	0.0100	0.0323	1.0000
111	0.9953	-0.0851	-0.0455	0.0000	0.0893	0.9908	0.1017	0.0000	0.0364	-0.1053	0.9938	0.0000	0.1542	0.0101	0.0322	1.0000
112	0.9955	-0.0851	-0.0414	0.0000	0.0890	0.9908	0.1016	0.0000	0.0323	-0.1048	0.9940	0.0000	0.1566	0.0100	0.0337	1.0000
113	0.9955	-0.0851	-0.0414	0.0000	0.0890	0.9908	0.1016	0.0000	0.0323	-0.1048	0.9940	0.0000	0.1566	0.0100	0.0337	1.0000
114	0.9956	-0.0856	-0.0372	0.0000	0.0890	0.9909	0.1012	0.0000	0.0282	-0.1041	0.9942	0.0000	0.1592	0.0099	0.0353	1.0000
115	0.9956	-0.0856	-0.0372	0.0000	0.0890	0.9909	0.1012	0.0000	0.0282	-0.1041	0.9942	0.0000	0.1592	0.0099	0.0353	1.0000
116	0.9957	-0.0865	-0.0326	0.0000	0.0894	0.9909	0.1005	0.0000	0.0236	-0.1030	0.9944	0.0000	0.1618	0.0098	0.0370	1.0000
117	0.9957	-0.0865	-0.0326	0.0000	0.0894	0.9909	0.1005	0.0000	0.0236	-0.1030	0.9944	0.0000	0.1618	0.0098	0.0370	1.0000
118	0.9958	-0.0876	-0.0271	0.0000	0.0899	0.9909	0.0997	0.0000	0.0181	-0.1017	0.9946	0.0000	0.1644	0.0098	0.0387	1.0000
119	0.9958	-0.0876	-0.0271	0.0000	0.0899	0.9909	0.0997	0.0000	0.0181	-0.1017	0.9946	0.0000	0.1644	0.0098	0.0387	1.0000
120	0.9958	-0.0876	-0.0271	0.0000	0.0899	0.9909	0.0997	0.0000	0.0181	-0.1017	0.9946	0.0000	0.1644	0.0098	0.0387	1.0000
121	0.9958	-0.0876	-0.0271	0.0000	0.0899	0.9909	0.0997	0.0000	0.0181	-0.1017	0.9946	0.0000	0.1644	0.0098	0.0387	1.0000
122	0.9958	-0.0890	-0.0220	0.0000	0.0907	0.9910	0.0989	0.0000	0.0130	-0.1005	0.9949	0.0000	0.1672	0.0098	0.0405	1.0000
123	0.9958	-0.0898	-0.0173	0.0000	0.0911	0.9909	0.0988	0.0000	0.0083	-0.1000	0.9950	0.0000	0.1701	0.0100	0.0425	1.0000
124	0.9958	-0.0905	-0.0132	0.0000	0.0914	0.9908	0.0994	0.0000	0.0041	-0.1002	0.9950	0.0000	0.1730	0.0103	0.0446	1.0000
125	0.9958	-0.0909	-0.0093	0.0000	0.0914	0.9907	0.1003	0.0000	0.0001	-0.1008	0.9949	0.0000	0.1759	0.0110	0.0465	1.0000
126	0.9958	-0.0909	-0.0093	0.0000	0.0914	0.9907	0.1003	0.0000	0.0001	-0.1008	0.9949	0.0000	0.1759	0.0110	0.0465	1.0000
127	0.9958	-0.0909	-0.0093	0.0000	0.0914	0.9907	0.1003	0.0000	0.0001	-0.1008	0.9949	0.0000	0.1759	0.0110	0.0465	1.0000
128	0.9959	-0.0902	-0.0044	0.0000	0.0901	0.9906	0.1024	0.0000	-0.0049	-0.1024	0.9947	0.0000	0.1787	0.0116	0.0488	1.0000
129	0.9960	-0.0897	0.0007	0.0000	0.0892	0.9906	0.1041	0.0000	-0.0100	-0.1037	0.9946	0.0000	0.1816	0.0125	0.0510	1.0000
130	0.9960	-0.0897	0.0007	0.0000	0.0892	0.9906	0.1041	0.0000	-0.0100	-0.1037	0.9946	0.0000	0.1816	0.0125	0.0510	1.0000
131	0.9960	-0.0895	0.0060	0.0000	0.0883	0.9905	0.1053	0.0000	-0.0154	-0.1044	0.9944	0.0000	0.1844	0.0131	0.0534	1.0000
132	0.9960	-0.0895	0.0060	0.0000	0.0883	0.9905	0.1053	0.0000	-0.0154	-0.1044	0.9944	0.0000	0.1844	0.0131	0.0534	1.0000
133	0.9959	-0.0894	0.0115	0.0000	0.0877	0.9905	0.1063	0.0000	-0.0209	-0.1048	0.9943	0.0000	0.1873	0.0136	0.0558	1.0000
134	0.9959	-0.0894	0.0115	0.0000	0.0877	0.9905	0.1063	0.0000	-0.0209	-0.1048	0.9943	0.0000	0.1873	0.0136	0.0558	1.0000
135	0.9959	-0.0894	0.0113	0.0000	0.0877	0.9905	0.1063	0.0000	-0.0207	-0.1048	0.9943	0.0000	0.1872	0.0139	0.0560	1.0000
136	0.9959	-0.0891	0.0171	0.0000	0.0867	0.9904	0.1074	0.0000	-0.0265	-0.1055	0.9941	0.0000	0.1900	0.0144	0.0586	1.0000
137	0.9958	-0.0883	0.0237	0.0000	0.0852	0.9905	0.1079	0.0000	-0.0330	-0.1054	0.9939	0.0000	0.1928	0.0149	0.0612	1.0000
138	0.9958	-0.0883	0.0237	0.0000	0.0852	0.9905	0.1079	0.0000	-0.0330	-0.1054	0.9939	0.0000	0.1928	0.0149	0.0612	1.0000
139	0.9957	-0.0873	0.0305	0.0000	0.0835	0.9906	0.1080	0.0000	-0.0397	-0.1050	0.9937	0.0000	0.1956	0.0153	0.0639	1.0000
140	0.9957	-0.0873	0.0305	0.0000	0.0835	0.9906	0.1080	0.0000	-0.0397	-0.1050	0.9937	0.0000	0.1956	0.0153	0.0639	1.0000
141	0.9956	-0.0857	0.0379	0.0000	0.0812	0.9908	0.1082	0.0000	-0.0468	-0.1047	0.9934	0.0000	0.1986	0.0154	0.0669	1.0000
142	0.9956	-0.0857	0.0379	0.0000	0.0812	0.9908	0.1082	0.0000	-0.0468	-0.1047	0.9934	0.0000	0.1986	0.0154	0.0669	1.0000
143	0.9954	-0.0836	0.0462	0.0000	0.0782	0.9911	0.1075	0.0000	-0.0548	-0.1034	0.9931	0.0000	0.2015	0.0157	0.0699	1.0000
144	0.9954	-0.0836	0.0462	0.0000	0.0782	0.9911	0.1075	0.0000	-0.0548	-0.1034	0.9931	0.0000	0.2015	0.0157	0.0699	1.0000
145	0.9952	-0.0811	0.0547	0.0000	0.0750	0.9915	0.1059	0.0000	-0.0628	-0.1013	0.9929	0.0000	0.2045	0.0159	0.0729	1.0000
146	0.9952	-0.0811	0.0547	0.0000	0.0750	0.9915	0.1059	0.0000	-0.0628	-0.1013	0.9929	0.0000	0.2045	0.0159	0.0729	1.0000
147	0.9952	-0.0811	0.0547	0.0000	0.0750	0.9915	0.1059	0.0000	-0.0628	-0.1013	0.9929	0.0000	0.2045	0.0159	0.0729	1.0000
148	0.9949	-0.0794	0.0619	0.0000	0.0726	0.9918	0.1055	0.0000	-0.0698	-0.1005	0.9925	0.0000	0.2077	0.0158	0.0759	1.0000
149	0.9945	-0.0793	0.0685	0.0000	0.0720	0.9920	0.1038	0.0000	-0.0762	-0.0983	0.9922	0.0000	0.2110	0.0157	0.0789	1.0000
150	0.9945	-0.0793	0.0685	0.0000	0.0720	0.9920	0.1038	0.0000	-0.0762	-0.0983	0.9922	0.0000	0.2110	0.0157	0.0789	1.0000
151	0.9940	-0.0794	0.0752	0.0000	0.0715	0.9922	0.1017	0.0000	-0.0826	-0.0957	0.9920	0.0000	0.2142	0.0155	0.0819	1.0000
152	0.9940	-0.0794	0.0752	0.0000	0.0715	0.9922	0.1017	0.0000	-0.0826	-0.0957	0.9920	0.0000	0.2142	0.0155	0.0819	1.0000
153	0.9934	-0.0797	0.0819	0.0000	0.0714	0.9924	0.0999	0.0000	-0.0892	-0.0934	0.9916	0.0000	0.2174	0.0152	0.0849	1.0000
154	0.9935	-0.0797	0.0818	0.0000	0.0714	0.9924	0.0999	0.0000	-0.0892	-0.0934	0.9916	0.0000	0.2176	0.0147	0.0844	1.0000
155	0.9928	-0.0808	0.0885	0.0000	0.0722	0.9927	0.0967	0.0000	-0.0957	-0.0896	0.9914	0.0000	0.2207	0.0142	0.0873	1.0000
156	0.9928	-0.0808	0.0885	0.0000	0.0722	0.9927	0.0967	0.0000	-0.0957	-0.0896	0.9914	0.0000	0.2207	0.0142	0.0873	1.0000
157	0.9921	-0.0815	0.0956	0.0000	0.0725	0.9929	0.0941	0.0000	-0.1026	-0.0864	0.9910	0.0000	0.2236	0.0137	0.0902	1.0000
158	0.9921	-0.0815	0.0956	0.0000	0.0725	0.9929	0.0941	0.0000	-0.1026	-0.0864	0.9910	0.0000	0.2236	0.0137	0.0902	1.0000
159	0.9914	-0.0819	0.1020	0.0000	0.0724	0.9930	0.0935	0.0000	-0.1090	-0.0853	0.9904	0.0000	0.2265	0.0134	0.0934	1.0000
160	0.9914	-0.0820	0.1020	0.0000	0.0725	0.9930	0.0935	0.0000	-0.1090	-0.0853	0.9904	0.0000	0.2266	0.0134	0.0931	1.0000
161	0.9907	-0.0825	0.1081	0.0000	0.0726	0.9931	0.0925	0.0000	-0.1150	-0.0838	0.9898	0.0000	0.2297	0.0132	0.0967	1.0000
162	0.9907	-0.0825	0.1081	0.0000	0.0726	0.9931	0.0925	0.0000	-0.1150	-0.0838	0.9898	0.0000	0.2297	0.0132	0.0967	1.0000
163	0.9901	-0.0827	0.1136	0.0000	0.0727	0.9933	0.0898	0.0000	-0.1203	-0.0806	0.9895	0.0000	0.2324	0.0130	0.0999	1.0000
164	0.9893	-0.0831	0.1196	0.0000	0.0730	0.9936	0.0859	0.0000	-0.1260	-0.0763	0.9891	0.0000	0.2349	0.0128	0.1030	1.0000
165	0.9893	-0.0831	0.1196	0.0000	0.0730	0.9936	0.0859	0.0000	-0.1260	-0.0763	0.9891	0.0000	0.2349	0.0128	0.1030	1.0000
166	0.9893	-0.0832	0.1196	0.0000	0.0732	0.9936	0.0859	0.0000	-0.1260	-0.0762	0.9891	0.0000	0.2352	0.0129	0.1025	1.0000
167	0.9886	-0.0840	0.1253	0.0000	0.0740	0.9939	0.0821	0.0000	-0.1314	-0.0719	0.9887	0.0000	0.2378	0.0127	0.1057	1.0000
168	0.9886	-0.0840	0.1253	0.0000	0.0740	0.9939	0.0821	0.0000	-0.1314	-0.0719	0.9887	0.0000	0.2378	0.0127	0.1057	1.0000
169	0.9877	-0.0845	0.1317	0.0000	0.0749	0.9942	0.0767	0.0000	-0.1374	-0.0659	0.9883	0.0000	0.2402	0.0125	0.1090	1.0000
170	0.9877	-0.0845	0.1317	0.0000	0.0749	0.9942	0.0767	0.0000	-0.1374	-0.0659	0.9883	0.0000	0.2402	0.0125	0.1090	1.0000
171	0.9866	-0.0829	0.1402	0.0000	0.0732	0.9946	0.0733	0.0000	-0.1455	-0.0620	0.9874	0.0000	0.2424	0.0124	0.1127	1.0000
172	0.9866	-0.0830	0.1402	0.0000	0.0733	0.9946	0.0733	0.0000	-0.1455	-0.0620	0.9874	0.0000	0.2426	0.0124	0.1123	1.0000
173	0.9856	-0.0811	0.1484	0.0000	0.0711	0.9949	0.0715	0.0000	-0.1535	-0.0599	0.9863	0.0000	0.2446	0.0121	0.1160	1.0000
174	0.9856	-0.0811	0.1484	0.0000	0.0711	0.9949	0.0715	0.0000	-0.1535	-0.0599	0.9863	0.0000	0.2446	0.0121	0.1160	1.0000
175	0.9844	-0.0794	0.1569	0.0000	0.0695	0.9953	0.0675	0.0000	-0.1615	-0.0555	0.9853	0.0000	0.2467	0.0116	0.1194	1.0000
176	0.9833	-0.0770	0.1649	0.0000	0.0668	0.9956	0.0661	0.0000	-0.1693	-0.0540	0.9841	0.0000	0.2488	0.0111	0.1229	1.0000
177	0.9833	-0.0770	0.1649	0.0000	0.0668	0.9956	0.0661	0.0000	-0.1693	-0.0540	0.9841	0.0000	0.2488	0.0111	0.1229	1.0000
178	0.9833	-0.0769	0.1649	0.0000	0.0668	0.9956	0.0662	0.0000	-0.1693	-0.0540	0.9841	0.0000	0.2490	0.0112	0.1232	1.0000
179	0.9821	-0.0748	0.1730	0.0000	0.0652	0.9960	0.0606	0.0000	-0.1768	-0.0482	0.9831	0.0000	0.2510	0.0105	0.1263	1.0000
180	0.9807	-0.0722	0.1816	0.0000	0.0636	0.9966	0.0527	0.0000	-0.1848	-0.0401	0.9820	0.0000	0.2529	0.0097	0.1291	1.0000
181	0.9807	-0.0722	0.1816	0.0000	0.0636	0.9966	0.0527	0.0000	-0.1848	-0.0401	0.9820	0.0000	0.2529	0.0097	0.1291	1.0000
182	0.9792	-0.0686	0.1908	0.0000	0.0603	0.9970	0.0489	0.0000	-0.1936	-0.0364	0.9804	0.0000	0.2546	0.0090	0.1322	1.0000
183	0.9792	-0.0686	0.1908	0.0000	0.0603	0.9970	0.0489	0.0000	-0.1936	-0.0364	0.9804	0.0000	0.2546	0.0090	0.1322	1.0000
184	0.9792	-0.0685	0.1908	0.0000	0.0602	0.9970	0.0489	0.0000	-0.1936	-0.0364	0.9804	0.0000	0.2546	0.0090	0.1325	1.0000
185	0.9778	-0.0661	0.1987	0.0000	0.0584	0.9973	0.0446	0.0000	-0.2011	-0.0320	0.9790	0.0000	0.2560	0.0080	0.1355	1.0000
186	0.9765	-0.0653	0.2055	0.0000	0.0582	0.9975	0.0405	0.0000	-0.2076	-0.0276	0.9778	0.0000	0.2574	0.0070	0.1386	1.0000
187	0.9765	-0.0653	0.2055	0.0000	0.0582	0.9975	0.0405	0.0000	-0.2076	-0.0276	0.9778	0.0000	0.2574	0.0070	0.1386	1.0000
188	0.9750	-0.0654	0.2124	0.0000	0.0582	0.9975	0.0397	0.0000	-0.2144	-0.0263	0.9764	0.0000	0.2584	0.0060	0.1418	1.0000
189	0.9750	-0.0654	0.2124	0.0000	0.0582	0.9975	0.0397	0.0000	-0.2144	-0.0263	0.9764	0.0000	0.2584	0.0060	0.1418	1.0000
190	0.9736	-0.0657	0.2185	0.0000	0.0585	0.9975	0.0391	0.0000	-0.2205	-0.0253	0.9751	0.0000	0.2593	0.0050	0.1451	1.0000
191	0.9736	-0.0657	0.2185	0.0000	0.0585	0.9975	0.0391	0.0000	-0.2205	-0.0253	0.9751	0.0000	0.2593	0.0050	0.1451	1.0000
192	0.9724	-0.0670	0.2234	0.0000	0.0599	0.9975	0.0380	0.0000	-0.2254	-0.0236	0.9740	0.0000	0.2600	0.0039	0.1482	1.0000
193	0.9724	-0.0670	0.2234	0.0000	0.0599	0.9975	0.0380	0.0000	-0.2254	-0.0236	0.9740	0.0000	0.2600	0.0039	0.1482	1.0000
194	0.9714	-0.0695	0.2272	0.0000	0.0623	0.9973	0.0389	0.0000	-0.2293	-0.0236	0.9731	0.0000	0.2606	0.0030	0.1512	1.0000
195	0.9714	-0.0695	0.2272	0.0000	0.0623	0.9973	0.0389	0.0000	-0.2293	-0.0236	0.9731	0.0000	0.2606	0.0030	0.1512	1.0000
196	0.9703	-0.0720	0.2308	0.0000	0.0644	0.9971	0.0402	0.0000	-0.2330	-0.0242	0.9722	0.0000	0.2611	0.0025	0.1542	1.0000
197	0.9703	-0.0720	0.2308	0.0000	0.0644	0.9971	0.0402	0.0000	-0.2330	-0.0242	0.9722	0.0000	0.2611	0.0025	0.1542	1.0000
198	0.9703	-0.0720	0.2308	0.0000	0.0644	0.9971	0.0402	0.0000	-0.2330	-0.0242	0.9722	0.0000	0.2611	0.0025	0.1542	1.0000
199	0.9691	-0.0739	0.2352	0.0000	0.0657	0.9969	0.0423	0.0000	-0.2376	-0.0255	0.9710	0.0000	0.2615	0.0022	0.1574	1.0000
200	0.9677	-0.0743	0.2410	0.0000	0.0652	0.9968	0.0453	0.0000	-0.2436	-0.0281	0.9695	0.0000	0.2616	0.0021	0.1609	1.0000
201	0.9677	-0.0743	0.2410	0.0000	0.0652	0.9968	0.0453	0.0000	-0.2436	-0.0281	0.9695	0.0000	0.2616	0.0021	0.1609	1.0000
202	0.9677	-0.0743	0.2410	0.0000	0.0652	0.9968	0.0453	0.0000	-0.2436	-0.0281	0.9695	0.0000	0.2616	0.0021	0.1609	1.0000
203	0.9663	-0.0749	0.2463	0.0000	0.0645	0.9967	0.0497	0.0000	-0.2492	-0.0322	0.9679	0.0000	0.2614	0.0023	0.1643	1.0000
204	0.9651	-0.0751	0.2510	0.0000	0.0634	0.9965	0.0543	0.0000	-0.2542	-0.0364	0.9665	0.0000	0.2611	0.0028	0.1686	1.0000
205	0.9651	-0.0751	0.2510	0.0000	0.0634	0.9965	0.0543	0.0000	-0.2542	-0.0364	0.9665	0.0000	0.2611	0.0028	0.1686	1.0000
206	0.9638	-0.0750	0.2560	0.0000	0.0619	0.9963	0.0590	0.0000	-0.2595	-0.0410	0.9649	0.0000	0.2606	0.0036	0.1733	1.0000
207	0.9638	-0.0750	0.2560	0.0000	0.0619	0.9963	0.0590	0.0000	-0.2595	-0.0410	0.9649	0.0000	0.2606	0.0036	0.1733	1.0000
208	0.9638	-0.0751	0.2560	0.0000	0.0619	0.9963	0.0591	0.0000	-0.2595	-0.0411	0.9649	0.0000	0.2608	0.0036	0.1729	1.0000
209	0.9623	-0.0753	0.2613	0.0000	0.0608	0.9962	0.0630	0.0000	-0.2651	-0.0447	0.9632	0.0000	0.2601	0.0045	0.1779	1.0000
210	0.9607	-0.0749	0.2674	0.0000	0.0591	0.9960	0.0667	0.0000	-0.2713	-0.0482	0.9613	0.0000	0.2592	0.0054	0.1831	1.0000
211	0.9607	-0.0749	0.2674	0.0000	0.0591	0.9960	0.0667	0.0000	-0.2713	-0.0482	0.9613	0.0000	0.2592	0.0054	0.1831	1.0000
212	0.9607	-0.0749	0.2674	0.0000	0.0591	0.9960	0.0667	0.0000	-0.2713	-0.0482	0.9613	0.0000	0.2592	0.0054	0.1831	1.0000
213	0.9587	-0.0733	0.2750	0.0000	0.0564	0.9960	0.0689	0.0000	-0.2789	-0.0505	0.9590	0.0000	0.2582	0.0066	0.1886	1.0000
214	0.9564	-0.0706	0.2835	0.0000	0.0519	0.9960	0.0730	0.0000	-0.2875	-0.0551	0.9562	0.0000	0.2570	0.0075	0.1944	1.0000
215	0.9564	-0.0706	0.2835	0.0000	0.0519	0.9960	0.0730	0.0000	-0.2875	-0.0551	0.9562	0.0000	0.2570	0.0075	0.1944	1.0000
216	0.9542	-0.0670	0.2916	0.0000	0.0469	0.9960	0.0756	0.0000	-0.2955	-0.0584	0.9535	0.0000	0.2557	0.0087	0.2003	1.0000
217	0.9542	-0.0670	0.2916	0.0000	0.0469	0.9960	0.0756	0.0000	-0.2955	-0.0584	0.9535	0.0000	0.2557	0.0087	0.2003	1.0000
218	0.9523	-0.0633	0.2984	0.0000	0.0421	0.9961	0.0769	0.0000	-0.3021	-0.0607	0.9513	0.0000	0.2545	0.0099	0.2061	1.0000
219	0.9523	-0.0633	0.2984	0.0000	0.0421	0.9961	0.0769	0.0000	-0.3021	-0.0607	0.9513	0.0000	0.2545	0.0099	0.2061	1.0000
220	0.9504	-0.0598	0.3053	0.0000	0.0369	0.9961	0.0803	0.0000	-0.3089	-0.0651	0.9489	0.0000	0.2532	0.0108	0.2118	1.0000
221	0.9504	-0.0598	0.3053	0.0000	0.0369	0.9961	0.0803	0.0000	-0.3089	-0.0651	0.9489	0.0000	0.2532	0.0108	0.2118	1.0000
222	0.9484	-0.0579	0.3118	0.0000	0.0338	0.9960	0.0823	0.0000	-0.3153	-0.0675	0.9466	0.0000	0.2518	0.0117	0.2176	1.0000
223	0.9484	-0.0579	0.3118	0.0000	0.0338	0.9960	0.0823	0.0000	-0.3153	-0.0675	0.9466	0.0000	0.2518	0.0117	0.2176	1.0000
224	0.9467	-0.0581	0.3167	0.0000	0.0336	0.9960	0.0823	0.0000	-0.3202	-0.0672	0.9449	0.0000	0.2506	0.0124	0.2231	1.0000
225	0.9448	-0.0588	0.3223	0.0000	0.0339	0.9960	0.0824	0.0000	-0.3259	-0.0670	0.9430	0.0000	0.2493	0.0129	0.2287	1.0000
226	0.9448	-0.0588	0.3224	0.0000	0.0338	0.9960	0.0825	0.0000	-0.3260	-0.0671	0.9430	0.0000	0.2494	0.0127	0.2286	1.0000
227	0.9427	-0.0587	0.3285	0.0000	0.0329	0.9960	0.0835	0.0000	-0.3320	-0.0679	0.9408	0.0000	0.2480	0.0133	0.2342	1.0000
228	0.9427	-0.0587	0.3285	0.0000	0.0329	0.9960	0.0835	0.0000	-0.3320	-0.0679	0.9408	0.0000	0.2480	0.0133	0.2342	1.0000
229	0.9427	-0.0587	0.3285	0.0000	0.0329	0.9960	0.0835	0.0000	-0.3320	-0.0679	0.9408	0.0000	0.2480	0.0133	0.2342	1.0000
230	0.9404	-0.0580	0.3351	0.0000	0.0322	0.9961	0.0820	0.0000	-0.3386	-0.0663	0.9386	0.0000	0.2463	0.0137	0.2397	1.0000
231	0.9404	-0.0580	0.3351	0.0000	0.0322	0.9961	0.0820	0.0000	-0.3386	-0.0663	0.9386	0.0000	0.2463	0.0137	0.2397	1.0000
232	0.9375	-0.0564	0.3435	0.0000	0.0311	0.9964	0.0788	0.0000	-0.3467	-0.0632	0.9358	0.0000	0.2446	0.0141	0.2449	1.0000
233	0.9337	-0.0534	0.3539	0.0000	0.0283	0.9967	0.0757	0.0000	-0.3568	-0.0607	0.9322	0.0000	0.2427	0.0145	0.2504	1.0000
234	0.9337	-0.0534	0.3539	0.0000	0.0283	0.9967	0.0757	0.0000	-0.3568	-0.0607	0.9322	0.0000	0.2427	0.0145	0.2504	1.0000
235	0.9337	-0.0534	0.3539	0.0000	0.0283	0.9967	0.0757	0.0000	-0.3568	-0.0607	0.9322	0.0000	0.2427	0.0145	0.2504	1.0000
236	0.9299	-0.0498	0.3643	0.0000	0.0250	0.9971	0.0723	0.0000	-0.3669	-0.0581	0.9285	0.0000	0.2408	0.0149	0.2558	1.0000
237	0.9263	-0.0472	0.3739	0.0000	0.0231	0.9974	0.0687	0.0000	-0.3761	-0.0550	0.9249	0.0000	0.2394	0.0154	0.2616	1.0000
238	0.9263	-0.0472	0.3739	0.0000	0.0231	0.9974	0.0687	0.0000	-0.3761	-0.0550	0.9249	0.0000	0.2394	0.0154	0.2616	1.0000
239	0.9233	-0.0463	0.3813	0.0000	0.0219	0.9974	0.0681	0.0000	-0.3835	-0.0546	0.9219	0.0000	0.2376	0.0159	0.2671	1.0000
240	0.9233	-0.0463	0.3813	0.0000	0.0219	0.9974	0.0681	0.0000	-0.3835	-0.0546	0.9219	0.0000	0.2376	0.0159	0.2671	1.0000
241	0.9208	-0.0461	0.3873	0.0000	0.0210	0.9974	0.0687	0.0000	-0.3894	-0.0551	0.9194	0.0000	0.2356	0.0163	0.2727	1.0000
242	0.9208	-0.0461	0.3873	0.0000	0.0210	0.9974	0.0687	0.0000	-0.3894	-0.0551	0.9194	0.0000	0.2356	0.0163	0.2727	1.0000
243	0.9187	-0.0464	0.3921	0.0000	0.0208	0.9974	0.0693	0.0000	-0.3943	-0.0555	0.9173	0.0000	0.2330	0.0167	0.2788	1.0000
244	0.9187	-0.0464	0.3921	0.0000	0.0208	0.9974	0.0693	0.0000	-0.3943	-0.0555	0.9173	0.0000	0.2330	0.0167	0.2788	1.0000
245	0.9169	-0.0474	0.3964	0.0000	0.0215	0.9973	0.0697	0.0000	-0.3986	-0.0554	0.9154	0.0000	0.2308	0.0170	0.2844	1.0000
246	0.9169	-0.0474	0.3964	0.0000	0.0215	0.9973	0.0697	0.0000	-0.3986	-0.0554	0.9154	0.0000	0.2308	0.0170	0.2844	1.0000
247	0.9152	-0.0483	0.4002	0.0000	0.0223	0.9973	0.0693	0.0000	-0.4024	-0.0545	0.9138	0.0000	0.2283	0.0173	0.2899	1.0000
248	0.9152	-0.0483	0.4002	0.0000	0.0223	0.9973	0.0693	0.0000	-0.4024	-0.0545	0.9138	0.0000	0.2283	0.0173	0.2899	1.0000
249	0.9135	-0.0493	0.4037	0.0000	0.0232	0.9973	0.0693	0.0000	-0.4061	-0.0539	0.9122	0.0000	0.2251	0.0179	0.2955	1.0000
250	0.9135	-0.0493	0.4037	0.0000	0.0232	0.9973	0.0693	0.0000	-0.4061	-0.0539	0.9122	0.0000	0.2251	0.0179	0.2955	1.0000
251	0.9117	-0.0509	0.4078	0.0000	0.0238	0.9972	0.0713	0.0000	-0.4102	-0.0553	0.9103	0.0000	0.2221	0.0185	0.3011	1.0000
252	0.9117	-0.0509	0.4078	0.0000	0.0238	0.9972	0.0713	0.0000	-0.4102	-0.0553	0.9103	0.0000	0.2221	0.0185	0.3011	1.0000
253	0.9093	-0.0515	0.4130	0.0000	0.0225	0.9969	0.0748	0.0000	-0.4156	-0.0588	0.9076	0.0000	0.2187	0.0192	0.3069	1.0000
254	0.9093	-0.0515	0.4130	0.0000	0.0225	0.9969	0.0748	0.0000	-0.4156	-0.0588	0.9076	0.0000	0.2187	0.0192	0.3069	1.0000
255	0.9066	-0.0522	0.4187	0.0000	0.0211	0.9967	0.0786	0.0000	-0.4214	-0.0624	0.9047	0.0000	0.2151	0.0200	0.3125	1.0000
256	0.9066	-0.0520	0.4187	0.0000	0.0209	0.9967	0.0785	0.0000	-0.4214	-0.0624	0.9047	0.0000	0.2144	0.0195	0.3128	1.0000
257	0.9037	-0.0537	0.4247	0.0000	0.0213	0.9965	0.0808	0.0000	-0.4276	-0.0640	0.9017	0.0000	0.2107	0.0202	0.3183	1.0000
258	0.9037	-0.0537	0.4247	0.0000	0.0213	0.9965	0.0808	0.0000	-0.4276	-0.0640	0.9017	0.0000	0.2107	0.0202	0.3183	1.0000
259	0.9002	-0.0553	0.4320	0.0000	0.0214	0.9963	0.0830	0.0000	-0.4350	-0.0655	0.8980	0.0000	0.2070	0.0210	0.3237	1.0000
260	0.9002	-0.0553	0.4320	0.0000	0.0214	0.9963	0.0830	0.0000	-0.4350	-0.0655	0.8980	0.0000	0.2070	0.0210	0.3237	1.0000
261	0.8967	-0.0576	0.4389	0.0000	0.0211	0.9959	0.0877	0.0000	-0.4421	-0.0694	0.8943	0.0000	0.2032	0.0220	0.3292	1.0000
262	0.8967	-0.0574	0.4389	0.0000	0.0209	0.9959	0.0877	0.0000	-0.4421	-0.0695	0.8942	0.0000	0.2033	0.0218	0.3295	1.0000
263	0.8935	-0.0606	0.4450	0.0000	0.0214	0.9955	0.0927	0.0000	-0.4486	-0.0734	0.8907	0.0000	0.1998	0.0229	0.3349	1.0000
264	0.8935	-0.0606	0.4450	0.0000	0.0214	0.9955	0.0927	0.0000	-0.4486	-0.0734	0.8907	0.0000	0.1998	0.0229	0.3349	1.0000
265	0.8896	-0.0622	0.4525	0.0000	0.0213	0.9953	0.0950	0.0000	-0.4562	-0.0749	0.8867	0.0000	0.1962	0.0240	0.3401	1.0000
266	0.8896	-0.0622	0.4525	0.0000	0.0213	0.9953	0.0950	0.0000	-0.4562	-0.0749	0.8867	0.0000	0.1962	0.0240	0.3401	1.0000
267	0.8854	-0.0622	0.4606	0.0000	0.0209	0.9953	0.0943	0.0000	-0.4643	-0.0738	0.8826	0.0000	0.1927	0.0251	0.3450	1.0000
268	0.8855	-0.0622	0.4605	0.0000	0.0209	0.9953	0.0943	0.0000	-0.4643	-0.0739	0.8826	0.0000	0.1929	0.0250	0.3444	1.0000
269	0.8817	-0.0613	0.4678	0.0000	0.0181	0.9952	0.0963	0.0000	-0.4715	-0.0764	0.8785	0.0000	0.1893	0.0263	0.3494	1.0000
270	0.8817	-0.0613	0.4678	0.0000	0.0181	0.9952	0.0963	0.0000	-0.4715	-0.0764	0.8785	0.0000	0.1893	0.0263	0.3494	1.0000
271	0.8784	-0.0599	0.4741	0.0000	0.0132	0.9948	0.1011	0.0000	-0.4777	-0.0826	0.8747	0.0000	0.1857	0.0276	0.3544	1.0000
272	0.8784	-0.0599	0.4741	0.0000	0.0132	0.9948	0.1011	0.0000	-0.4777	-0.0826	0.8747	0.0000	0.1857	0.0276	0.3544	1.0000
273	0.8749	-0.0576	0.4809	0.0000	0.0088	0.9946	0.1030	0.0000	-0.4843	-0.0859	0.8707	0.0000	0.1823	0.0287	0.3595	1.0000
274	0.8749	-0.0576	0.4809	0.0000	0.0088	0.9946	0.1030	0.0000	-0.4843	-0.0859	0.8707	0.0000	0.1823	0.0287	0.3595	1.0000
275	0.8706	-0.0550	0.4890	0.0000	0.0045	0.9946	0.1037	0.0000	-0.4920	-0.0881	0.8661	0.0000	0.1790	0.0299	0.3644	1.0000
276	0.8706	-0.0550	0.4890	0.0000	0.0045	0.9946	0.1037	0.0000	-0.4920	-0.0881	0.8661	0.0000	0.1790	0.0299	0.3644	1.0000
277	0.8666	-0.0535	0.4961	0.0000	0.0009	0.9944	0.1057	0.0000	-0.4990	-0.0912	0.8618	0.0000	0.1758	0.0310	0.3692	1.0000
278	0.8631	-0.0525	0.5023	0.0000	-0.0016	0.9943	0.1066	0.0000	-0.5051	-0.0928	0.8581	0.0000	0.1728	0.0320	0.3738	1.0000
279	0.8631	-0.0523	0.5023	0.0000	-0.0019	0.9943	0.1066	0.0000	-0.5050	-0.0930	0.8581	0.0000	0.1729	0.0319	0.3737	1.0000
280	0.8631	-0.0523	0.5023	0.0000	-0.0019	0.9943	0.1066	0.0000	-0.5050	-0.0930	0.8581	0.0000	0.1729	0.0319	0.3737	1.0000
281	0.8597	-0.0505	0.5084	0.0000	-0.0050	0.9942	0.1072	0.0000	-0.5108	-0.0947	0.8545	0.0000	0.1700	0.0329	0.3782	1.0000
282	0.8597	-0.0505	0.5084	0.0000	-0.0050	0.9942	0.1072	0.0000	-0.5108	-0.0947	0.8545	0.0000	0.1700	0.0329	0.3782	1.0000
283	0.8566	-0.0491	0.5137	0.0000	-0.0071	0.9942	0.1069	0.0000	-0.5160	-0.0952	0.8513	0.0000	0.1672	0.0337	0.3824	1.0000
284	0.8537	-0.0481	0.5186	0.0000	-0.0089	0.9942	0.1068	0.0000	-0.5208	-0.0958	0.8483	0.0000	0.1644	0.0345	0.3866	1.0000
285	0.8537	-0.0481	0.5186	0.0000	-0.0089	0.9942	0.1068	0.0000	-0.5208	-0.0958	0.8483	0.0000	0.1644	0.0345	0.3866	1.0000
286	0.8537	-0.0479	0.5186	0.0000	-0.0091	0.9942	0.1067	0.0000	-0.5207	-0.0958	0.8483	0.0000	0.1641	0.0341	0.3861	1.0000
287	0.8510	-0.0474	0.5230	0.0000	-0.0117	0.9940	0.1091	0.0000	-0.5250	-0.0990	0.8453	0.0000	0.1613	0.0349	0.3902	1.0000
288	0.8487	-0.0477	0.5267	0.0000	-0.0138	0.9936	0.1122	0.0000	-0.5286	-0.1025	0.8426	0.0000	0.1585	0.0357	0.3941	1.0000
289	0.8487	-0.0477	0.5267	0.0000	-0.0138	0.9936	0.1122	0.0000	-0.5286	-0.1025	0.8426	0.0000	0.1585	0.0357	0.3941	1.0000
290	0.8468	-0.0480	0.5297	0.0000	-0.0160	0.9932	0.1155	0.0000	-0.5317	-0.1062	0.8403	0.0000	0.1556	0.0365	0.3978	1.0000
291	0.8468	-0.0480	0.5297	0.0000	-0.0160	0.9932	0.1155	0.0000	-0.5317	-0.1062	0.8403	0.0000	0.1556	0.0365	0.3978	1.0000
292	0.8468	-0.0478	0.5297	0.0000	-0.0162	0.9932	0.1154	0.0000	-0.5316	-0.1063	0.8403	0.0000	0.1554	0.0365	0.3976	1.0000
293	0.8452	-0.0480	0.5322	0.0000	-0.0192	0.9926	0.1200	0.0000	-0.5340	-0.1117	0.8381	0.0000	0.1523	0.0375	0.4012	1.0000
294	0.8452	-0.0480	0.5322	0.0000	-0.0192	0.9926	0.1200	0.0000	-0.5340	-0.1117	0.8381	0.0000	0.1523	0.0375	0.4012	1.0000
295	0.8447	-0.0490	0.5330	0.0000	-0.0227	0.9916	0.1271	0.0000	-0.5348	-0.1194	0.8365	0.0000	0.1492	0.0387	0.4048	1.0000
296	0.8449	-0.0495	0.5327	0.0000	-0.0257	0.9908	0.1329	0.0000	-0.5344	-0.1260	0.8358	0.0000	0.1459	0.0401	0.4080	1.0000
297	0.8449	-0.0496	0.5326	0.0000	-0.0257	0.9908	0.1330	0.0000	-0.5343	-0.1261	0.8359	0.0000	0.1463	0.0403	0.4074	1.0000
298	0.8449	-0.0496	0.5326	0.0000	-0.0257	0.9908	0.1330	0.0000	-0.5343	-0.1261	0.8359	0.0000	0.1463	0.0403	0.4074	1.0000
299	0.8463	-0.0496	0.5304	0.0000	-0.0296	0.9897	0.1398	0.0000	-0.5319	-0.1340	0.8361	0.0000	0.1429	0.0421	0.4105	1.0000
300	0.8487	-0.0492	0.5266	0.0000	-0.0342	0.9885	0.1475	0.0000	-0.5278	-0.1432	0.8372	0.0000	0.1392	0.0442	0.4135	1.0000
301	0.8487	-0.0492	0.5266	0.0000	-0.0342	0.9885	0.1475	0.0000	-0.5278	-0.1432	0.8372	0.0000	0.1392	0.0442	0.4135	1.0000
302	0.8519	-0.0485	0.5215	0.0000	-0.0395	0.9869	0.1562	0.0000	-0.5223	-0.1536	0.8388	0.0000	0.1352	0.0468	0.4164	1.0000
303	0.8519	-0.0485	0.5215	0.0000	-0.0395	0.9869	0.1562	0.0000	-0.5223	-0.1536	0.8388	0.0000	0.1352	0.0468	0.4164	1.0000
304	0.8557	-0.0479	0.5152	0.0000	-0.0448	0.9851	0.1661	0.0000	-0.5155	-0.1652	0.8408	0.0000	0.1313	0.0499	0.4180	1.0000
305	0.8557	-0.0479	0.5152	0.0000	-0.0448	0.9851	0.1661	0.0000	-0.5155	-0.1652	0.8408	0.0000	0.1313	0.0499	0.4180	1.0000
306	0.8603	-0.0470	0.5076	0.0000	-0.0513	0.9827	0.1779	0.0000	-0.5072	-0.1790	0.8430	0.0000	0.1265	0.0537	0.4213	1.0000
307	0.8603	-0.0470	0.5076	0.0000	-0.0513	0.9827	0.1779	0.0000	-0.5072	-0.1790	0.8430	0.0000	0.1265	0.0537	0.4213	1.0000
308	0.8652	-0.0455	0.4993	0.0000	-0.0599	0.9794	0.1931	0.0000	-0.4978	-0.1970	0.8446	0.0000	0.1210	0.0582	0.4249	1.0000
309	0.8652	-0.0455	0.4993	0.0000	-0.0599	0.9794	0.1931	0.0000	-0.4978	-0.1970	0.8446	0.0000	0.1210	0.0582	0.4249	1.0000
310	0.8709	-0.0435	0.4896	0.0000	-0.0701	0.9749	0.2113	0.0000	-0.4865	-0.2183	0.8460	0.0000	0.1156	0.0632	0.4278	1.0000
311	0.8709	-0.0435	0.4896	0.0000	-0.0701	0.9749	0.2113	0.0000	-0.4865	-0.2183	0.8460	0.0000	0.1156	0.0632	0.4278	1.0000
312	0.8772	-0.0413	0.4783	0.0000	-0.0788	0.9704	0.2283	0.0000	-0.4736	-0.2379	0.8480	0.0000	0.1089	0.0686	0.4317	1.0000
313	0.8772	-0.0413	0.4783	0.0000	-0.0788	0.9704	0.2283	0.0000	-0.4736	-0.2379	0.8480	0.0000	0.1089	0.0686	0.4317	1.0000
314	0.8837	-0.0389	0.4663	0.0000	-0.0871	0.9654	0.2457	0.0000	-0.4598	-0.2577	0.8498	0.0000	0.1018	0.0745	0.4359	1.0000
315	0.8837	-0.0389	0.4663	0.0000	-0.0871	0.9654	0.2457	0.0000	-0.4598	-0.2577	0.8498	0.0000	0.1018	0.0745	0.4359	1.0000
316	0.8903	-0.0356	0.4539	0.0000	-0.0959	0.9599	0.2634	0.0000	-0.4451	-0.2781	0.8512	0.0000	0.0950	0.0801	0.4397	1.0000
317	0.8903	-0.0356	0.4539	0.0000	-0.0959	0.9599	0.2634	0.0000	-0.4451	-0.2781	0.8512	0.0000	0.0950	0.0801	0.4397	1.0000
318	0.8964	-0.0313	0.4422	0.0000	-0.1050	0.9542	0.2802	0.0000	-0.4307	-0.2976	0.8520	0.0000	0.0870	0.0863	0.4441	1.0000
319	0.8964	-0.0313	0.4422	0.0000	-0.1050	0.9542	0.2802	0.0000	-0.4307	-0.2976	0.8520	0.0000	0.0870	0.0863	0.4441	1.0000
320	0.9017	-0.0264	0.4317	0.0000	-0.1137	0.9486	0.2954	0.0000	-0.4173	-0.3154	0.8523	0.0000	0.0788	0.0923	0.4487	1.0000
321	0.9017	-0.0264	0.4317	0.0000	-0.1137	0.9486	0.2954	0.0000	-0.4173	-0.3154	0.8523	0.0000	0.0788	0.0923	0.4487	1.0000
322	0.9070	-0.0218	0.4207	0.0000	-0.1207	0.9433	0.3092	0.0000	-0.4035	-0.3312	0.8529	0.0000	0.0716	0.0974	0.4521	1.0000
323	0.9070	-0.0218	0.4207	0.0000	-0.1207	0.9433	0.3092	0.0000	-0.4035	-0.3312	0.8529	0.0000	0.0716	0.0974	0.4521	1.0000
324	0.9124	-0.0173	0.4090	0.0000	-0.1273	0.9376	0.3236	0.0000	-0.3891	-0.3473	0.8532	0.0000	0.0633	0.1032	0.4565	1.0000
325	0.9124	-0.0173	0.4090	0.0000	-0.1273	0.9376	0.3236	0.0000	-0.3891	-0.3473	0.8532	0.0000	0.0633	0.1032	0.4565	1.0000
326	0.9179	-0.0129	0.3966	0.0000	-0.1337	0.9310	0.3397	0.0000	-0.3736	-0.3648	0.8528	0.0000	0.0550	0.1089	0.4613	1.0000
327	0.9179	-0.0129	0.3966	0.0000	-0.1337	0.9310	0.3397	0.0000	-0.3736	-0.3648	0.8528	0.0000	0.0550	0.1089	0.4613	1.0000
328	0.9228	-0.0089	0.3851	0.0000	-0.1390	0.9247	0.3544	0.0000	-0.3592	-0.3806	0.8521	0.0000	0.0482	0.1132	0.4654	1.0000
329	0.9228	-0.0089	0.3851	0.0000	-0.1390	0.9247	0.3544	0.0000	-0.3592	-0.3806	0.8521	0.0000	0.0482	0.1132	0.4654	1.0000
330	0.9281	-0.0035	0.3723	0.0000	-0.1450	0.9176	0.3702	0.0000	-0.3429	-0.3976	0.8511	0.0000	0.0397	0.1188	0.4704	1.0000
331	0.9281	-0.0035	0.3723	0.0000	-0.1450	0.9176	0.3702	0.0000	-0.3429	-0.3976	0.8511	0.0000	0.0397	0.1188	0.4704	1.0000
332	0.9328	0.0019	0.3604	0.0000	-0.1507	0.9104	0.3853	0.0000	-0.3274	-0.4137	0.8495	0.0000	0.0313	0.1243	0.4754	1.0000
333	0.9328	0.0019	0.3603	0.0000	-0.1507	0.9104	0.3854	0.0000	-0.3273	-0.4138	0.8495	0.0000	0.0320	0.1241	0.4748	1.0000
334	0.9373	0.0063	0.3485	0.0000	-0.1554	0.9025	0.4017	0.0000	-0.3120	-0.4306	0.8469	0.0000	0.0240	0.1299	0.4799	1.0000
335	0.9411	0.0098	0.3379	0.0000	-0.1593	0.8945	0.4178	0.0000	-0.2982	-0.4470	0.8434	0.0000	0.0163	0.1359	0.4851	1.0000
336	0.9411	0.0098	0.3379	0.0000	-0.1593	0.8945	0.4178	0.0000	-0.2982	-0.4470	0.8434	0.0000	0.0163	0.1359	0.4851	1.0000
337	0.9411	0.0098	0.3379	0.0000	-0.1593	0.8945	0.4178	0.0000	-0.2982	-0.4470	0.8434	0.0000	0.0163	0.1359	0.4851	1.0000
338	0.9438	0.0134	0.3303	0.0000	-0.1639	0.8867	0.4324	0.0000	-0.2871	-0.4622	0.8390	0.0000	0.0088	0.1421	0.4904	1.0000
339	0.9458	0.0171	0.3243	0.0000	-0.1695	0.8778	0.4481	0.0000	-0.2770	-0.4787	0.8331	0.0000	0.0024	0.1487	0.4944	1.0000
340	0.9458	0.0171	0.3243	0.0000	-0.1695	0.8778	0.4481	0.0000	-0.2770	-0.4787	0.8331	0.0000	0.0024	0.1487	0.4944	1.0000
341	0.9458	0.0171	0.3243	0.0000	-0.1695	0.8778	0.4481	0.0000	-0.2770	-0.4787	0.8331	0.0000	0.0024	0.1487	0.4944	1.0000
342	0.9474	0.0205	0.3193	0.0000	-0.1760	0.8669	0.4664	0.0000	-0.2673	-0.4981	0.8249	0.0000	-0.0047	0.1563	0.5002	1.0000
343	0.9483	0.0252	0.3164	0.0000	-0.1849	0.8542	0.4860	0.0000	-0.2580	-0.5194	0.8147	0.0000	-0.0119	0.1648	0.5065	1.0000
344	0.9483	0.0252	0.3164	0.0000	-0.1849	0.8542	0.4860	0.0000	-0.2580	-0.5194	0.8147	0.0000	-0.0119	0.1648	0.5065	1.0000
345	0.9477	0.0307	0.3176	0.0000	-0.1976	0.8380	0.5086	0.0000	-0.2506	-0.5447	0.8003	0.0000	-0.0183	0.1740	0.5125	1.0000
346	0.9477	0.0307	0.3176	0.0000	-0.1976	0.8380	0.5086	0.0000	-0.2506	-0.5447	0.8003	0.0000	-0.0183	0.1740	0.5125	1.0000
347	0.9449	0.0370	0.3253	0.0000	-0.2148	0.8199	0.5307	0.0000	-0.2470	-0.5713	0.7827	0.0000	-0.0257	0.1846	0.5197	1.0000
348	0.9449	0.0370	0.3253	0.0000	-0.2148	0.8199	0.5307	0.0000	-0.2470	-0.5713	0.7827	0.0000	-0.0257	0.1846	0.5197	1.0000
349	0.9410	0.0412	0.3358	0.0000	-0.2324	0.8000	0.5532	0.0000	-0.2458	-0.5986	0.7624	0.0000	-0.0332	0.1963	0.5277	1.0000
350	0.9410	0.0412	0.3358	0.0000	-0.2324	0.8000	0.5532	0.0000	-0.2458	-0.5986	0.7624	0.0000	-0.0332	0.1963	0.5277	1.0000
351	0.9410	0.0415	0.3359	0.0000	-0.2328	0.7998	0.5533	0.0000	-0.2457	-0.5989	0.7622	0.0000	-0.0334	0.1969	0.5269	1.0000
352	0.9373	0.0448	0.3457	0.0000	-0.2514	0.7741	0.5811	0.0000	-0.2416	-0.6315	0.7368	0.0000	-0.0411	0.2097	0.5361	1.0000
353	0.9330	0.0482	0.3567	0.0000	-0.2719	0.7437	0.6107	0.0000	-0.2358	-0.6668	0.7070	0.0000	-0.0493	0.2231	0.5464	1.0000
354	0.9330	0.0482	0.3567	0.0000	-0.2719	0.7437	0.6107	0.0000	-0.2358	-0.6668	0.7070	0.0000	-0.0493	0.2231	0.5464	1.0000
355	0.9280	0.0494	0.3693	0.0000	-0.2919	0.7123	0.6382	0.0000	-0.2315	-0.7001	0.6755	0.0000	-0.0579	0.2368	0.5578	1.0000
356	0.9280	0.0494	0.3693	0.0000	-0.2919	0.7123	0.6382	0.0000	-0.2315	-0.7001	0.6755	0.0000	-0.0579	0.2368	0.5578	1.0000
357	0.9231	0.0512	0.3812	0.0000	-0.3118	0.6801	0.6635	0.0000	-0.2253	-0.7313	0.6437	0.0000	-0.0667	0.2511	0.5690	1.0000
358	0.9231	0.0512	0.3812	0.0000	-0.3118	0.6801	0.6635	0.0000	-0.2253	-0.7313	0.6437	0.0000	-0.0667	0.2511	0.5690	1.0000
359	0.9187	0.0553	0.3911	0.0000	-0.3322	0.6438	0.6893	0.0000	-0.2137	-0.7632	0.6099	0.0000	-0.0765	0.2643	0.5824	1.0000
360	0.9187	0.0553	0.3911	0.0000	-0.3322	0.6438	0.6893	0.0000	-0.2137	-0.7632	0.6099	0.0000	-0.0765	0.2643	0.5824	1.0000
361	0.9136	0.0636	0.4017	0.0000	-0.3560	0.6029	0.7140	0.0000	-0.1968	-0.7953	0.5734	0.0000	-0.0869	0.2766	0.5968	1.0000
362	0.9136	0.0636	0.4017	0.0000	-0.3560	0.6029	0.7140	0.0000	-0.1968	-0.7953	0.5734	0.0000	-0.0869	0.2766	0.5968	1.0000
363	0.9136	0.0636	0.4017	0.0000	-0.3560	0.6029	0.7140	0.0000	-0.1968	-0.7953	0.5734	0.0000	-0.0869	0.2766	0.5968	1.0000
364	0.9075	0.0720	0.4137	0.0000	-0.3795	0.5625	0.7346	0.0000	-0.1798	-0.8237	0.5378	0.0000	-0.0976	0.2882	0.6108	1.0000
365	0.8962	0.0833	0.4358	0.0000	-0.4178	0.4889	0.7657	0.0000	-0.1493	-0.8683	0.4730	0.0000	-0.1208	0.3083	0.6415	1.0000
366	0.8962	0.0833	0.4358	0.0000	-0.4178	0.4889	0.7657	0.0000	-0.1493	-0.8683	0.4730	0.0000	-0.1208	0.3083	0.6415	1.0000
367	0.8886	0.0868	0.4505	0.0000	-0.4379	0.4534	0.7763	0.0000	-0.1369	-0.8870	0.4409	0.0000	-0.1334	0.3172	0.6571	1.0000
368	0.8886	0.0868	0.4505	0.0000	-0.4379	0.4534	0.7763	0.0000	-0.1369	-0.8870	0.4409	0.0000	-0.1334	0.3172	0.6571	1.0000
369	0.8798	0.0891	0.4670	0.0000	-0.4586	0.4182	0.7841	0.0000	-0.1255	-0.9040	0.4087	0.0000	-0.1437	0.3257	0.6679	1.0000
370	0.8679	0.0859	0.4893	0.0000	-0.4828	0.3779	0.7900	0.0000	-0.1170	-0.9219	0.3694	0.0000	-0.1579	0.3333	0.6843	1.0000
371	0.8679	0.0859	0.4893	0.0000	-0.4828	0.3779	0.7900	0.0000	-0.1170	-0.9219	0.3694	0.0000	-0.1579	0.3333	0.6843	1.0000
372	0.8679	0.0859	0.4893	0.0000	-0.4828	0.3779	0.7900	0.0000	-0.1170	-0.9219	0.3694	0.0000	-0.1579	0.3333	0.6843	1.0000
373	0.8543	0.0791	0.5138	0.0000	-0.5080	0.3367	0.7928	0.0000	-0.1103	-0.9383	0.3278	0.0000	-0.1712	0.3414	0.6994	1.0000
374	0.8418	0.0688	0.5354	0.0000	-0.5291	0.3019	0.7930	0.0000	-0.1071	-0.9509	0.2905	0.0000	-0.1857	0.3482	0.7160	1.0000
375	0.8341	0.0605	0.5482	0.0000	-0.5426	0.2686	0.7959	0.0000	-0.0991	-0.9614	0.2568	0.0000	-0.2004	0.3545	0.7330	1.0000
376	0.8301	0.0567	0.5546	0.0000	-0.5515	0.2291	0.8021	0.0000	-0.0816	-0.9717	0.2215	0.0000	-0.2151	0.3596	0.7507	1.0000
377	0.8252	0.0563	0.5620	0.0000	-0.5635	0.1518	0.8121	0.0000	-0.0396	-0.9868	0.1570	0.0000	-0.2447	0.3671	0.7868	1.0000
378	0.8252	0.0563	0.5620	0.0000	-0.5635	0.1518	0.8121	0.0000	-0.0396	-0.9868	0.1570	0.0000	-0.2447	0.3671	0.7868	1.0000
379	0.8235	0.0598	0.5642	0.0000	-0.5672	0.1098	0.8162	0.0000	-0.0132	-0.9922	0.1243	0.0000	-0.2601	0.3689	0.8061	1.0000
380	0.8234	0.0599	0.5643	0.0000	-0.5673	0.1096	0.8162	0.0000	-0.0129	-0.9922	0.1242	0.0000	-0.2605	0.3709	0.8051	1.0000
381	0.8234	0.0599	0.5643	0.0000	-0.5673	0.1096	0.8162	0.0000	-0.0129	-0.9922	0.1242	0.0000	-0.2605	0.3709	0.8051	1.0000
382	0.8234	0.0599	0.5643	0.0000	-0.5673	0.1096	0.8162	0.0000	-0.0129	-0.9922	0.1242	0.0000	-0.2605	0.3709	0.8051	1.0000
383	0.8208	0.0623	0.5679	0.0000	-0.5710	0.0623	0.8185	0.0000	0.0156	-0.9961	0.0867	0.0000	-0.2762	0.3715	0.8248	1.0000
384	0.8131	0.0565	0.5794	0.0000	-0.5793	-0.0206	0.8149	0.0000	0.0579	-0.9982	0.0160	0.0000	-0.3077	0.3711	0.8626	1.0000
385	0.8130	0.0566	0.5795	0.0000	-0.5793	-0.0208	0.8149	0.0000	0.0581	-0.9982	0.0159	0.0000	-0.3078	0.3729	0.8625	1.0000
386	0.8114	0.0523	0.5821	0.0000	-0.5793	-0.0591	0.8129	0.0000	0.0770	-0.9969	-0.0177	0.0000	-0.3236	0.3723	0.8810	1.0000
387	0.8114	0.0523	0.5821	0.0000	-0.5793	-0.0591	0.8129	0.0000	0.0770	-0.9969	-0.0177	0.0000	-0.3236	0.3723	0.8810	1.0000
388	0.8125	0.0551	0.5803	0.0000	-0.5733	-0.1048	0.8126	0.0000	0.1056	-0.9930	-0.0535	0.0000	-0.3395	0.3708	0.8996	1.0000
389	0.8125	0.0551	0.5803	0.0000	-0.5733	-0.1048	0.8126	0.0000	0.1056	-0.9930	-0.0535	0.0000	-0.3395	0.3708	0.8996	1.0000
390	0.8122	0.0615	0.5802	0.0000	-0.5674	-0.1480	0.8100	0.0000	0.1357	-0.9871	-0.0853	0.0000	-0.3553	0.3688	0.9179	1.0000
391	0.8122	0.0615	0.5802	0.0000	-0.5674	-0.1478	0.8100	0.0000	0.1356	-0.9871	-0.0852	0.0000	-0.3551	0.3677	0.9169	1.0000
392	0.8089	0.0667	0.5842	0.0000	-0.5656	-0.1831	0.8041	0.0000	0.1606	-0.9808	-0.1104	0.0000	-0.3702	0.3657	0.9336	1.0000
393	0.8089	0.0667	0.5842	0.0000	-0.5656	-0.1831	0.8041	0.0000	0.1606	-0.9808	-0.1104	0.0000	-0.3702	0.3657	0.9336	1.0000
394	0.8049	0.0734	0.5889	0.0000	-0.5644	-0.2122	0.7978	0.0000	0.1835	-0.9745	-0.1293	0.0000	-0.3835	0.3641	0.9480	1.0000
395	0.8050	0.0732	0.5888	0.0000	-0.5644	-0.2115	0.7980	0.0000	0.1829	-0.9746	-0.1289	0.0000	-0.3808	0.3602	0.9461	1.0000
396	0.8031	0.0824	0.5901	0.0000	-0.5610	-0.2291	0.7955	0.0000	0.2007	-0.9699	-0.1378	0.0000	-0.3912	0.3592	0.9574	1.0000
397	0.8038	0.0887	0.5883	0.0000	-0.5581	-0.2299	0.7973	0.0000	0.2060	-0.9692	-0.1352	0.0000	-0.3982	0.3594	0.9643	1.0000
398	0.8038	0.0887	0.5883	0.0000	-0.5581	-0.2299	0.7973	0.0000	0.2060	-0.9692	-0.1352	0.0000	-0.3982	0.3594	0.9643	1.0000
399	0.8061	0.0909	0.5848	0.0000	-0.5570	-0.2174	0.8015	0.0000	0.2000	-0.9718	-0.1246	0.0000	-0.4014	0.3605	0.9663	1.0000
400	0.8061	0.0909	0.5848	0.0000	-0.5570	-0.2174	0.8015	0.0000	0.2000	-0.9718	-0.1246	0.0000	-0.4014	0.3605	0.9663	1.0000
401	0.8065	0.0900	0.5844	0.0000	-0.5572	-0.2151	0.8020	0.0000	0.1979	-0.9724	-0.1234	0.0000	-0.3803	0.3472	0.9575	1.0000
402	0.8092	0.0900	0.5806	0.0000	-0.5581	-0.1911	0.8074	0.0000	0.1836	-0.9774	-0.1044	0.0000	-0.3787	0.3484	0.9545	1.0000
403	0.8113	0.0847	0.5785	0.0000	-0.5635	-0.1507	0.8123	0.0000	0.1560	-0.9849	-0.0745	0.0000	-0.3739	0.3505	0.9468	1.0000
404	0.8113	0.0847	0.5785	0.0000	-0.5635	-0.1507	0.8123	0.0000	0.1560	-0.9849	-0.0745	0.0000	-0.3739	0.3505	0.9468	1.0000
405	0.8113	0.0758	0.5798	0.0000	-0.5729	-0.0951	0.8141	0.0000	0.1168	-0.9926	-0.0337	0.0000	-0.3669	0.3525	0.9342	1.0000
406	0.8113	0.0758	0.5798	0.0000	-0.5729	-0.0951	0.8141	0.0000	0.1168	-0.9926	-0.0337	0.0000	-0.3669	0.3525	0.9342	1.0000
407	0.8116	0.0715	0.5798	0.0000	-0.5789	-0.0356	0.8146	0.0000	0.0788	-0.9968	0.0125	0.0000	-0.3508	0.3460	0.9061	1.0000
408	0.8116	0.0715	0.5798	0.0000	-0.5789	-0.0356	0.8146	0.0000	0.0788	-0.9968	0.0125	0.0000	-0.3508	0.3460	0.9061	1.0000
409	0.8141	0.0733	0.5760	0.0000	-0.5791	0.0299	0.8147	0.0000	0.0425	-0.9969	0.0668	0.0000	-0.3400	0.3451	0.8871	1.0000
410	0.8141	0.0733	0.5760	0.0000	-0.5791	0.0299	0.8147	0.0000	0.0425	-0.9969	0.0668	0.0000	-0.3400	0.3451	0.8871	1.0000
411	0.8153	0.0795	0.5735	0.0000	-0.5790	0.1066	0.8083	0.0000	0.0031	-0.9911	0.1330	0.0000	-0.3279	0.3432	0.8652	1.0000
412	0.8153	0.0795	0.5735	0.0000	-0.5790	0.1066	0.8083	0.0000	0.0031	-0.9911	0.1330	0.0000	-0.3279	0.3432	0.8652	1.0000
413	0.8181	0.0894	0.5680	0.0000	-0.5739	0.1897	0.7967	0.0000	-0.0366	-0.9778	0.2065	0.0000	-0.2967	0.3369	0.8071	1.0000
414	0.8181	0.0894	0.5680	0.0000	-0.5739	0.1897	0.7967	0.0000	-0.0366	-0.9778	0.2065	0.0000	-0.2967	0.3369	0.8071	1.0000
415	0.8181	0.0894	0.5680	0.0000	-0.5739	0.1897	0.7967	0.0000	-0.0366	-0.9778	0.2065	0.0000	-0.2967	0.3369	0.8071	1.0000
416	0.8233	0.1032	0.5582	0.0000	-0.5630	0.2736	0.7799	0.0000	-0.0722	-0.9563	0.2833	0.0000	-0.2827	0.3325	0.7794	1.0000
417	0.8314	0.1162	0.5434	0.0000	-0.5464	0.3493	0.7612	0.0000	-0.1013	-0.9298	0.3539	0.0000	-0.2693	0.3265	0.7514	1.0000
418	0.8314	0.1162	0.5434	0.0000	-0.5464	0.3493	0.7612	0.0000	-0.1013	-0.9298	0.3539	0.0000	-0.2693	0.3265	0.7514	1.0000
419	0.8444	0.1205	0.5220	0.0000	-0.5189	0.4265	0.7409	0.0000	-0.1333	-0.8964	0.4227	0.0000	-0.2285	0.3058	0.6989	1.0000
420	0.8444	0.1205	0.5220	0.0000	-0.5189	0.4265	0.7409	0.0000	-0.1333	-0.8964	0.4227	0.0000	-0.2285	0.3058	0.6989	1.0000
421	0.8560	0.1184	0.5033	0.0000	-0.4895	0.4989	0.7152	0.0000	-0.1665	-0.8585	0.4850	0.0000	-0.2160	0.2962	0.6708	1.0000
422	0.8560	0.1184	0.5033	0.0000	-0.4895	0.4989	0.7152	0.0000	-0.1665	-0.8585	0.4850	0.0000	-0.2160	0.2962	0.6708	1.0000
423	0.8662	0.1130	0.4867	0.0000	-0.4590	0.5649	0.6857	0.0000	-0.1974	-0.8174	0.5413	0.0000	-0.2047	0.2856	0.6433	1.0000
424	0.8662	0.1130	0.4867	0.0000	-0.4590	0.5649	0.6857	0.0000	-0.1974	-0.8174	0.5413	0.0000	-0.2047	0.2856	0.6433	1.0000
425	0.8771	0.1042	0.4689	0.0000	-0.4233	0.6288	0.6522	0.0000	-0.2269	-0.7705	0.5957	0.0000	-0.1939	0.2749	0.6167	1.0000
426	0.8773	0.1040	0.4686	0.0000	-0.4228	0.6297	0.6517	0.0000	-0.2273	-0.7699	0.5964	0.0000	-0.1958	0.2626	0.6137	1.0000
427	0.8870	0.0902	0.4528	0.0000	-0.3841	0.6883	0.6154	0.0000	-0.2561	-0.7198	0.6452	0.0000	-0.1862	0.2510	0.5874	1.0000
428	0.8870	0.0902	0.4528	0.0000	-0.3841	0.6883	0.6154	0.0000	-0.2561	-0.7198	0.6452	0.0000	-0.1862	0.2510	0.5874	1.0000
429	0.8961	0.0686	0.4384	0.0000	-0.3388	0.7438	0.5761	0.0000	-0.2866	-0.6648	0.6898	0.0000	-0.1770	0.2391	0.5613	1.0000
430	0.8961	0.0686	0.4384	0.0000	-0.3388	0.7438	0.5761	0.0000	-0.2866	-0.6648	0.6898	0.0000	-0.1770	0.2391	0.5613	1.0000
431	0.9049	0.0418	0.4235	0.0000	-0.2853	0.7981	0.5307	0.0000	-0.3158	-0.6011	0.7341	0.0000	-0.1637	0.2220	0.5405	1.0000
432	0.9049	0.0418	0.4235	0.0000	-0.2853	0.7981	0.5307	0.0000	-0.3158	-0.6011	0.7341	0.0000	-0.1637	0.2220	0.5405	1.0000
433	0.9125	0.0175	0.4086	0.0000	-0.2340	0.8418	0.4864	0.0000	-0.3355	-0.5395	0.7723	0.0000	-0.1573	0.2100	0.5163	1.0000
434	0.9162	-0.0015	0.4008	0.0000	-0.1937	0.8737	0.4462	0.0000	-0.3509	-0.4864	0.8002	0.0000	-0.1538	0.1986	0.4946	1.0000
435	0.9162	-0.0015	0.4008	0.0000	-0.1937	0.8737	0.4462	0.0000	-0.3509	-0.4864	0.8002	0.0000	-0.1538	0.1986	0.4946	1.0000
436	0.9162	-0.0015	0.4008	0.0000	-0.1937	0.8737	0.4462	0.0000	-0.3509	-0.4864	0.8002	0.0000	-0.1538	0.1986	0.4946	1.0000
437	0.9177	-0.0106	0.3971	0.0000	-0.1678	0.8957	0.4118	0.0000	-0.3600	-0.4445	0.8202	0.0000	-0.1536	0.1883	0.4758	1.0000
438	0.9190	-0.0096	0.3940	0.0000	-0.1513	0.9145	0.3753	0.0000	-0.3640	-0.4046	0.8390	0.0000	-0.1478	0.1747	0.4545	1.0000
439	0.9190	-0.0096	0.3940	0.0000	-0.1513	0.9145	0.3753	0.0000	-0.3640	-0.4046	0.8390	0.0000	-0.1478	0.1747	0.4545	1.0000
440	0.9190	-0.0096	0.3940	0.0000	-0.1513	0.9145	0.3753	0.0000	-0.3640	-0.4046	0.8390	0.0000	-0.1478	0.1747	0.4545	1.0000
441	0.9204	0.0029	0.3911	0.0000	-0.1481	0.9281	0.3415	0.0000	-0.3620	-0.3722	0.8547	0.0000	-0.1531	0.1668	0.4396	1.0000
442	0.9230	0.0180	0.3843	0.0000	-0.1484	0.9382	0.3126	0.0000	-0.3549	-0.3456	0.8687	0.0000	-0.1599	0.1597	0.4269	1.0000
443	0.9230	0.0180	0.3843	0.0000	-0.1484	0.9382	0.3126	0.0000	-0.3549	-0.3456	0.8687	0.0000	-0.1599	0.1597	0.4269	1.0000
444	0.9230	0.0177	0.3844	0.0000	-0.1481	0.9384	0.3124	0.0000	-0.3552	-0.3452	0.8687	0.0000	-0.1537	0.1499	0.4363	1.0000
445	0.9255	0.0306	0.3776	0.0000	-0.1462	0.9483	0.2816	0.0000	-0.3495	-0.3158	0.8821	0.0000	-0.1612	0.1428	0.4251	1.0000
446	0.9276	0.0475	0.3706	0.0000	-0.1503	0.9556	0.2535	0.0000	-0.3421	-0.2909	0.8935	0.0000	-0.1709	0.1350	0.4138	1.0000
447	0.9276	0.0475	0.3706	0.0000	-0.1503	0.9556	0.2535	0.0000	-0.3421	-0.2909	0.8935	0.0000	-0.1709	0.1350	0.4138	1.0000
448	0.9276	0.0475	0.3706	0.0000	-0.1503	0.9556	0.2535	0.0000	-0.3421	-0.2909	0.8935	0.0000	-0.1709	0.1350	0.4138	1.0000
449	0.9320	0.0586	0.3576	0.0000	-0.1491	0.9615	0.2310	0.0000	-0.3303	-0.2686	0.9048	0.0000	-0.1794	0.1283	0.4046	1.0000
450	0.9320	0.0586	0.3576	0.0000	-0.1491	0.9615	0.2310	0.0000	-0.3303	-0.2686	0.9048	0.0000	-0.1794	0.1283	0.4046	1.0000
451	0.9385	0.0616	0.3398	0.0000	-0.1365	0.9700	0.2013	0.0000	-0.3172	-0.2353	0.9187	0.0000	-0.1825	0.1152	0.4029	1.0000
452	0.9440	0.0583	0.3249	0.0000	-0.1199	0.9777	0.1727	0.0000	-0.3075	-0.2019	0.9299	0.0000	-0.1888	0.1081	0.3946	1.0000
453	0.9440	0.0583	0.3249	0.0000	-0.1199	0.9777	0.1727	0.0000	-0.3075	-0.2019	0.9299	0.0000	-0.1888	0.1081	0.3946	1.0000
454	0.9479	0.0557	0.3136	0.0000	-0.1080	0.9825	0.1519	0.0000	-0.2996	-0.1778	0.9373	0.0000	-0.1954	0.1008	0.3872	1.0000
455	0.9479	0.0557	0.3136	0.0000	-0.1080	0.9825	0.1519	0.0000	-0.2996	-0.1778	0.9373	0.0000	-0.1954	0.1008	0.3872	1.0000
456	0.9529	0.0569	0.2980	0.0000	-0.1006	0.9859	0.1334	0.0000	-0.2862	-0.1571	0.9452	0.0000	-0.1957	0.0946	0.3688	1.0000
457	0.9529	0.0569	0.2980	0.0000	-0.1006	0.9859	0.1334	0.0000	-0.2862	-0.1571	0.9452	0.0000	-0.1957	0.0946	0.3688	1.0000
458	0.9576	0.0594	0.2818	0.0000	-0.0950	0.9889	0.1144	0.0000	-0.2719	-0.1363	0.9526	0.0000	-0.2022	0.0870	0.3618	1.0000
459	0.9576	0.0594	0.2818	0.0000	-0.0950	0.9889	0.1144	0.0000	-0.2719	-0.1363	0.9526	0.0000	-0.2022	0.0870	0.3618	1.0000
460	0.9607	0.0584	0.2715	0.0000	-0.0883	0.9911	0.0992	0.0000	-0.2633	-0.1192	0.9573	0.0000	-0.2087	0.0795	0.3551	1.0000
461	0.9607	0.0584	0.2715	0.0000	-0.0883	0.9911	0.0992	0.0000	-0.2633	-0.1192	0.9573	0.0000	-0.2087	0.0795	0.3551	1.0000
462	0.9611	0.0561	0.2705	0.0000	-0.0827	0.9927	0.0877	0.0000	-0.2637	-0.1066	0.9587	0.0000	-0.2124	0.0739	0.3420	1.0000
463	0.9611	0.0561	0.2705	0.0000	-0.0827	0.9927	0.0877	0.0000	-0.2637	-0.1066	0.9587	0.0000	-0.2124	0.0739	0.3420	1.0000
464	0.9578	0.0554	0.2819	0.0000	-0.0812	0.9934	0.0805	0.0000	-0.2756	-0.1000	0.9560	0.0000	-0.2184	0.0670	0.3352	1.0000
465	0.9578	0.0554	0.2819	0.0000	-0.0812	0.9934	0.0805	0.0000	-0.2756	-0.1000	0.9560	0.0000	-0.2184	0.0670	0.3352	1.0000
466	0.9573	0.0516	0.2845	0.0000	-0.0756	0.9944	0.0739	0.0000	-0.2791	-0.0922	0.9558	0.0000	-0.2239	0.0604	0.3284	1.0000
467	0.9573	0.0516	0.2845	0.0000	-0.0756	0.9944	0.0739	0.0000	-0.2791	-0.0922	0.9558	0.0000	-0.2239	0.0604	0.3284	1.0000
468	0.9573	0.0516	0.2845	0.0000	-0.0756	0.9944	0.0739	0.0000	-0.2791	-0.0922	0.9558	0.0000	-0.2239	0.0604	0.3284	1.0000
469	0.9599	0.0403	0.2773	0.0000	-0.0599	0.9962	0.0627	0.0000	-0.2737	-0.0768	0.9587	0.0000	-0.2238	0.0588	0.3165	1.0000
470	0.9622	0.0276	0.2709	0.0000	-0.0419	0.9980	0.0473	0.0000	-0.2691	-0.0569	0.9614	0.0000	-0.2279	0.0524	0.3095	1.0000
471	0.9622	0.0276	0.2709	0.0000	-0.0419	0.9980	0.0473	0.0000	-0.2691	-0.0569	0.9614	0.0000	-0.2279	0.0524	0.3095	1.0000
472	0.9650	0.0144	0.2620	0.0000	-0.0237	0.9992	0.0324	0.0000	-0.2613	-0.0375	0.9645	0.0000	-0.2316	0.0459	0.3029	1.0000
473	0.9650	0.0144	0.2620	0.0000	-0.0237	0.9992	0.0324	0.0000	-0.2613	-0.0375	0.9645	0.0000	-0.2316	0.0459	0.3029	1.0000
474	0.9680	0.0014	0.2511	0.0000	-0.0059	0.9998	0.0173	0.0000	-0.2511	-0.0183	0.9678	0.0000	-0.2345	0.0404	0.2953	1.0000
475	0.9680	0.0014	0.2511	0.0000	-0.0059	0.9998	0.0173	0.0000	-0.2511	-0.0183	0.9678	0.0000	-0.2345	0.0404	0.2953	1.0000
476	0.9708	-0.0093	0.2397	0.0000	0.0100	0.9999	-0.0016	0.0000	-0.2397	0.0040	0.9708	0.0000	-0.2374	0.0339	0.2892	1.0000
477	0.9708	-0.0093	0.2397	0.0000	0.0100	0.9999	-0.0016	0.0000	-0.2397	0.0040	0.9708	0.0000	-0.2374	0.0339	0.2892	1.0000
478	0.9724	-0.0175	0.2326	0.0000	0.0214	0.9997	-0.0143	0.0000	-0.2322	0.0189	0.9725	0.0000	-0.2402	0.0274	0.2839	1.0000
479	0.9724	-0.0175	0.2326	0.0000	0.0214	0.9997	-0.0143	0.0000	-0.2322	0.0189	0.9725	0.0000	-0.2402	0.0274	0.2839	1.0000
480	0.9735	-0.0223	0.2275	0.0000	0.0285	0.9993	-0.0241	0.0000	-0.2268	0.0299	0.9735	0.0000	-0.2445	0.0203	0.2790	1.0000
481	0.9735	-0.0223	0.2275	0.0000	0.0285	0.9993	-0.0241	0.0000	-0.2268	0.0299	0.9735	0.0000	-0.2445	0.0203	0.2790	1.0000
482	0.9756	-0.0277	0.2180	0.0000	0.0370	0.9986	-0.0385	0.0000	-0.2166	0.0457	0.9752	0.0000	-0.2468	0.0133	0.2741	1.0000
483	0.9756	-0.0277	0.2180	0.0000	0.0370	0.9986	-0.0385	0.0000	-0.2166	0.0457	0.9752	0.0000	-0.2468	0.0133	0.2741	1.0000
484	0.9776	-0.0345	0.2076	0.0000	0.0466	0.9975	-0.0538	0.0000	-0.2052	0.0623	0.9767	0.0000	-0.2486	0.0060	0.2693	1.0000
485	0.9790	-0.0424	0.1993	0.0000	0.0571	0.9960	-0.0683	0.0000	-0.1956	0.0783	0.9776	0.0000	-0.2497	-0.0013	0.2646	1.0000
486	0.9790	-0.0424	0.1993	0.0000	0.0571	0.9960	-0.0683	0.0000	-0.1956	0.0783	0.9776	0.0000	-0.2497	-0.0013	0.2646	1.0000
487	0.9804	-0.0510	0.1905	0.0000	0.0679	0.9942	-0.0833	0.0000	-0.1852	0.0946	0.9781	0.0000	-0.2509	-0.0067	0.2625	1.0000
488	0.9804	-0.0510	0.1905	0.0000	0.0679	0.9942	-0.0833	0.0000	-0.1852	0.0946	0.9781	0.0000	-0.2509	-0.0067	0.2625	1.0000
489	0.9804	-0.0510	0.1905	0.0000	0.0679	0.9942	-0.0833	0.0000	-0.1852	0.0946	0.9781	0.0000	-0.2509	-0.0067	0.2625	1.0000
490	0.9815	-0.0595	0.1817	0.0000	0.0788	0.9918	-0.1006	0.0000	-0.1742	0.1130	0.9782	0.0000	-0.2512	-0.0140	0.2581	1.0000
491	0.9822	-0.0685	0.1748	0.0000	0.0893	0.9895	-0.1138	0.0000	-0.1652	0.1274	0.9780	0.0000	-0.2511	-0.0202	0.2544	1.0000
492	0.9822	-0.0685	0.1748	0.0000	0.0893	0.9895	-0.1138	0.0000	-0.1652	0.1274	0.9780	0.0000	-0.2511	-0.0202	0.2544	1.0000
493	0.9822	-0.0691	0.1747	0.0000	0.0898	0.9895	-0.1136	0.0000	-0.1650	0.1272	0.9781	0.0000	-0.2511	-0.0174	0.2574	1.0000
494	0.9828	-0.0796	0.1663	0.0000	0.1018	0.9864	-0.1289	0.0000	-0.1538	0.1437	0.9776	0.0000	-0.2508	-0.0245	0.2533	1.0000
495	0.9833	-0.0881	0.1593	0.0000	0.1116	0.9831	-0.1454	0.0000	-0.1438	0.1608	0.9765	0.0000	-0.2505	-0.0318	0.2490	1.0000
496	0.9833	-0.0881	0.1593	0.0000	0.1116	0.9831	-0.1454	0.0000	-0.1438	0.1608	0.9765	0.0000	-0.2505	-0.0318	0.2490	1.0000
497	0.9836	-0.0943	0.1540	0.0000	0.1190	0.9798	-0.1604	0.0000	-0.1358	0.1761	0.9750	0.0000	-0.2501	-0.0392	0.2445	1.0000
498	0.9835	-0.0950	0.1539	0.0000	0.1196	0.9799	-0.1598	0.0000	-0.1356	0.1756	0.9751	0.0000	-0.2510	-0.0398	0.2431	1.0000
499	0.9835	-0.0950	0.1539	0.0000	0.1196	0.9799	-0.1598	0.0000	-0.1356	0.1756	0.9751	0.0000	-0.2510	-0.0398	0.2431	1.0000
500	0.9838	-0.1005	0.1482	0.0000	0.1259	0.9767	-0.1738	0.0000	-0.1273	0.1896	0.9736	0.0000	-0.2507	-0.0473	0.2385	1.0000
501	0.9842	-0.1046	0.1426	0.0000	0.1309	0.9730	-0.1902	0.0000	-0.1188	0.2059	0.9713	0.0000	-0.2504	-0.0550	0.2334	1.0000
502	0.9842	-0.1046	0.1426	0.0000	0.1309	0.9730	-0.1902	0.0000	-0.1188	0.2059	0.9713	0.0000	-0.2504	-0.0550	0.2334	1.0000
503	0.9844	-0.1069	0.1395	0.0000	0.1345	0.9692	-0.2062	0.0000	-0.1131	0.2217	0.9685	0.0000	-0.2501	-0.0616	0.2283	1.0000
504	0.9844	-0.1069	0.1395	0.0000	0.1345	0.9692	-0.2062	0.0000	-0.1131	0.2217	0.9685	0.0000	-0.2501	-0.0616	0.2283	1.0000
505	0.9844	-0.1077	0.1393	0.0000	0.1352	0.9692	-0.2058	0.0000	-0.1129	0.2214	0.9686	0.0000	-0.2505	-0.0605	0.2293	1.0000
506	0.9846	-0.1095	0.1364	0.0000	0.1379	0.9657	-0.2201	0.0000	-0.1076	0.2355	0.9659	0.0000	-0.2503	-0.0677	0.2234	1.0000
507	0.9846	-0.1095	0.1364	0.0000	0.1379	0.9657	-0.2201	0.0000	-0.1076	0.2355	0.9659	0.0000	-0.2503	-0.0677	0.2234	1.0000
508	0.9849	-0.1096	0.1342	0.0000	0.1392	0.9615	-0.2368	0.0000	-0.1031	0.2519	0.9622	0.0000	-0.2502	-0.0749	0.2169	1.0000
509	0.9853	-0.1078	0.1324	0.0000	0.1386	0.9577	-0.2521	0.0000	-0.0996	0.2667	0.9586	0.0000	-0.2505	-0.0820	0.2102	1.0000
510	0.9853	-0.1078	0.1324	0.0000	0.1386	0.9577	-0.2521	0.0000	-0.0996	0.2667	0.9586	0.0000	-0.2505	-0.0820	0.2102	1.0000
511	0.9858	-0.1061	0.1302	0.0000	0.1376	0.9547	-0.2640	0.0000	-0.0962	0.2781	0.9557	0.0000	-0.2526	-0.0887	0.2049	1.0000
512	0.9858	-0.1061	0.1302	0.0000	0.1376	0.9547	-0.2640	0.0000	-0.0962	0.2781	0.9557	0.0000	-0.2526	-0.0887	0.2049	1.0000
513	0.9862	-0.1042	0.1289	0.0000	0.1370	0.9502	-0.2800	0.0000	-0.0933	0.2938	0.9513	0.0000	-0.2530	-0.0962	0.1976	1.0000
514	0.9862	-0.1042	0.1289	0.0000	0.1370	0.9502	-0.2800	0.0000	-0.0933	0.2938	0.9513	0.0000	-0.2530	-0.0962	0.1976	1.0000
515	0.9864	-0.1017	0.1292	0.0000	0.1360	0.9460	-0.2942	0.0000	-0.0923	0.3078	0.9470	0.0000	-0.2532	-0.1036	0.1903	1.0000
516	0.9864	-0.1017	0.1292	0.0000	0.1360	0.9460	-0.2942	0.0000	-0.0923	0.3078	0.9470	0.0000	-0.2532	-0.1036	0.1903	1.0000
517	0.9866	-0.0984	0.1304	0.0000	0.1343	0.9429	-0.3047	0.0000	-0.0930	0.3181	0.9435	0.0000	-0.2560	-0.1108	0.1849	1.0000
518	0.9866	-0.0984	0.1304	0.0000	0.1343	0.9429	-0.3047	0.0000	-0.0930	0.3181	0.9435	0.0000	-0.2560	-0.1108	0.1849	1.0000
519	0.9866	-0.0984	0.1304	0.0000	0.1343	0.9429	-0.3047	0.0000	-0.0930	0.3181	0.9435	0.0000	-0.2560	-0.1108	0.1849	1.0000
520	0.9869	-0.0945	0.1310	0.0000	0.1317	0.9401	-0.3145	0.0000	-0.0934	0.3276	0.9402	0.0000	-0.2561	-0.1182	0.1776	1.0000
521	0.9874	-0.0903	0.1302	0.0000	0.1285	0.9371	-0.3246	0.0000	-0.0927	0.3373	0.9368	0.0000	-0.2561	-0.1258	0.1704	1.0000
522	0.9874	-0.0903	0.1302	0.0000	0.1285	0.9371	-0.3246	0.0000	-0.0927	0.3373	0.9368	0.0000	-0.2561	-0.1258	0.1704	1.0000
523	0.9880	-0.0850	0.1292	0.0000	0.1243	0.9336	-0.3361	0.0000	-0.0921	0.3481	0.9329	0.0000	-0.2583	-0.1326	0.1665	1.0000
524	0.9880	-0.0850	0.1292	0.0000	0.1243	0.9336	-0.3361	0.0000	-0.0921	0.3481	0.9329	0.0000	-0.2583	-0.1326	0.1665	1.0000
525	0.9887	-0.0802	0.1269	0.0000	0.1200	0.9302	-0.3470	0.0000	-0.0902	0.3583	0.9292	0.0000	-0.2585	-0.1404	0.1597	1.0000
526	0.9887	-0.0802	0.1269	0.0000	0.1200	0.9302	-0.3470	0.0000	-0.0902	0.3583	0.9292	0.0000	-0.2585	-0.1404	0.1597	1.0000
527	0.9895	-0.0760	0.1229	0.0000	0.1157	0.9261	-0.3591	0.0000	-0.0865	0.3696	0.9252	0.0000	-0.2590	-0.1483	0.1532	1.0000
528	0.9895	-0.0761	0.1228	0.0000	0.1158	0.9262	-0.3589	0.0000	-0.0864	0.3693	0.9253	0.0000	-0.2595	-0.1494	0.1534	1.0000
529	0.9903	-0.0695	0.1201	0.0000	0.1101	0.9207	-0.3744	0.0000	-0.0846	0.3840	0.9195	0.0000	-0.2604	-0.1575	0.1470	1.0000
530	0.9903	-0.0695	0.1201	0.0000	0.1101	0.9207	-0.3744	0.0000	-0.0846	0.3840	0.9195	0.0000	-0.2604	-0.1575	0.1470	1.0000
531	0.9913	-0.0618	0.1161	0.0000	0.1026	0.9157	-0.3886	0.0000	-0.0823	0.3971	0.9141	0.0000	-0.2621	-0.1656	0.1411	1.0000
532	0.9913	-0.0618	0.1161	0.0000	0.1026	0.9157	-0.3886	0.0000	-0.0823	0.3971	0.9141	0.0000	-0.2621	-0.1656	0.1411	1.0000
533	0.9927	-0.0502	0.1099	0.0000	0.0905	0.9114	-0.4014	0.0000	-0.0800	0.4084	0.9093	0.0000	-0.2646	-0.1736	0.1357	1.0000
534	0.9926	-0.0505	0.1100	0.0000	0.0908	0.9116	-0.4008	0.0000	-0.0800	0.4079	0.9095	0.0000	-0.2656	-0.1733	0.1375	1.0000
535	0.9937	-0.0392	0.1051	0.0000	0.0797	0.9061	-0.4155	0.0000	-0.0790	0.4213	0.9035	0.0000	-0.2685	-0.1814	0.1324	1.0000
536	0.9937	-0.0392	0.1051	0.0000	0.0797	0.9061	-0.4155	0.0000	-0.0790	0.4213	0.9035	0.0000	-0.2685	-0.1814	0.1324	1.0000
537	0.9944	-0.0281	0.1015	0.0000	0.0693	0.9002	-0.4299	0.0000	-0.0793	0.4345	0.8972	0.0000	-0.2711	-0.1892	0.1275	1.0000
538	0.9956	-0.0253	0.0899	0.0000	0.0629	0.8930	-0.4457	0.0000	-0.0690	0.4494	0.8907	0.0000	-0.2734	-0.1969	0.1228	1.0000
539	0.9956	-0.0253	0.0899	0.0000	0.0629	0.8930	-0.4457	0.0000	-0.0690	0.4494	0.8907	0.0000	-0.2734	-0.1969	0.1228	1.0000
540	0.9956	-0.0260	0.0897	0.0000	0.0635	0.8932	-0.4451	0.0000	-0.0685	0.4489	0.8910	0.0000	-0.2727	-0.1940	0.1269	1.0000
541	0.9971	-0.0351	0.0682	0.0000	0.0628	0.8842	-0.4629	0.0000	-0.0441	0.4658	0.8838	0.0000	-0.2748	-0.2013	0.1230	1.0000
542	0.9971	-0.0351	0.0682	0.0000	0.0628	0.8842	-0.4629	0.0000	-0.0441	0.4658	0.8838	0.0000	-0.2748	-0.2013	0.1230	1.0000
543	0.9979	-0.0464	0.0460	0.0000	0.0627	0.8765	-0.4774	0.0000	-0.0182	0.4792	0.8775	0.0000	-0.2769	-0.2077	0.1194	1.0000
544	0.9982	-0.0497	0.0323	0.0000	0.0591	0.8695	-0.4903	0.0000	-0.0037	0.4914	0.8709	0.0000	-0.2792	-0.2134	0.1158	1.0000
545	0.9982	-0.0497	0.0323	0.0000	0.0591	0.8695	-0.4903	0.0000	-0.0037	0.4914	0.8709	0.0000	-0.2792	-0.2134	0.1158	1.0000
546	0.9986	-0.0463	0.0254	0.0000	0.0528	0.8629	-0.5026	0.0000	0.0013	0.5033	0.8641	0.0000	-0.2817	-0.2186	0.1120	1.0000
547	0.9986	-0.0470	0.0253	0.0000	0.0533	0.8631	-0.5022	0.0000	0.0018	0.5028	0.8644	0.0000	-0.2807	-0.2134	0.1172	1.0000
548	0.9989	-0.0431	0.0188	0.0000	0.0466	0.8569	-0.5134	0.0000	0.0060	0.5137	0.8579	0.0000	-0.2830	-0.2181	0.1139	1.0000
549	0.9989	-0.0431	0.0188	0.0000	0.0466	0.8569	-0.5134	0.0000	0.0060	0.5137	0.8579	0.0000	-0.2830	-0.2181	0.1139	1.0000
550	0.9991	-0.0423	0.0093	0.0000	0.0409	0.8516	-0.5226	0.0000	0.0142	0.5225	0.8525	0.0000	-0.2849	-0.2225	0.1109	1.0000
551	0.9991	-0.0423	0.0093	0.0000	0.0409	0.8516	-0.5226	0.0000	0.0142	0.5225	0.8525	0.0000	-0.2849	-0.2225	0.1109	1.0000
552	0.9990	-0.0429	0.0090	0.0000	0.0413	0.8517	-0.5224	0.0000	0.0147	0.5223	0.8526	0.0000	-0.2830	-0.2152	0.1163	1.0000
553	0.9989	-0.0475	-0.0037	0.0000	0.0383	0.8460	-0.5318	0.0000	0.0284	0.5310	0.8469	0.0000	-0.2843	-0.2192	0.1140	1.0000
554	0.9989	-0.0475	-0.0037	0.0000	0.0383	0.8460	-0.5318	0.0000	0.0284	0.5310	0.8469	0.0000	-0.2843	-0.2192	0.1140	1.0000
555	0.9985	-0.0526	-0.0143	0.0000	0.0365	0.8393	-0.5425	0.0000	0.0405	0.5411	0.8400	0.0000	-0.2854	-0.2231	0.1119	1.0000
556	0.9984	-0.0530	-0.0209	0.0000	0.0327	0.8340	-0.5508	0.0000	0.0467	0.5492	0.8344	0.0000	-0.2862	-0.2268	0.1099	1.0000
557	0.9984	-0.0530	-0.0209	0.0000	0.0327	0.8340	-0.5508	0.0000	0.0467	0.5492	0.8344	0.0000	-0.2862	-0.2268	0.1099	1.0000
558	0.9984	-0.0508	-0.0253	0.0000	0.0281	0.8293	-0.5581	0.0000	0.0493	0.5565	0.8294	0.0000	-0.2856	-0.2271	0.1100	1.0000
559	0.9984	-0.0508	-0.0253	0.0000	0.0281	0.8293	-0.5581	0.0000	0.0493	0.5565	0.8294	0.0000	-0.2856	-0.2271	0.1100	1.0000
560	0.9984	-0.0495	-0.0264	0.0000	0.0259	0.8234	-0.5668	0.0000	0.0498	0.5653	0.8234	0.0000	-0.2858	-0.2301	0.1081	1.0000
561	0.9984	-0.0495	-0.0264	0.0000	0.0259	0.8234	-0.5668	0.0000	0.0498	0.5653	0.8234	0.0000	-0.2858	-0.2301	0.1081	1.0000
562	0.9984	-0.0510	-0.0259	0.0000	0.0268	0.8174	-0.5754	0.0000	0.0505	0.5737	0.8175	0.0000	-0.2857	-0.2324	0.1061	1.0000
563	0.9984	-0.0510	-0.0259	0.0000	0.0268	0.8174	-0.5754	0.0000	0.0505	0.5737	0.8175	0.0000	-0.2857	-0.2324	0.1061	1.0000
564	0.9984	-0.0510	-0.0259	0.0000	0.0268	0.8174	-0.5754	0.0000	0.0505	0.5737	0.8175	0.0000	-0.2857	-0.2324	0.1061	1.0000
565	0.9981	-0.0558	-0.0273	0.0000	0.0295	0.8127	-0.5819	0.0000	0.0546	0.5799	0.8128	0.0000	-0.2841	-0.2309	0.1069	1.0000
566	0.9977	-0.0606	-0.0298	0.0000	0.0317	0.8095	-0.5863	0.0000	0.0597	0.5840	0.8096	0.0000	-0.2836	-0.2315	0.1054	1.0000
567	0.9977	-0.0606	-0.0298	0.0000	0.0317	0.8095	-0.5863	0.0000	0.0597	0.5840	0.8096	0.0000	-0.2836	-0.2315	0.1054	1.0000
568	0.9975	-0.0638	-0.0308	0.0000	0.0336	0.8079	-0.5883	0.0000	0.0624	0.5858	0.8080	0.0000	-0.2831	-0.2318	0.1041	1.0000
569	0.9975	-0.0638	-0.0308	0.0000	0.0336	0.8079	-0.5883	0.0000	0.0624	0.5858	0.8080	0.0000	-0.2831	-0.2318	0.1041	1.0000
570	0.9975	-0.0645	-0.0291	0.0000	0.0350	0.8065	-0.5902	0.0000	0.0616	0.5877	0.8067	0.0000	-0.2830	-0.2315	0.1046	1.0000
571	0.9975	-0.0645	-0.0291	0.0000	0.0350	0.8065	-0.5902	0.0000	0.0616	0.5877	0.8067	0.0000	-0.2830	-0.2315	0.1046	1.0000
572	0.9975	-0.0645	-0.0291	0.0000	0.0350	0.8065	-0.5902	0.0000	0.0616	0.5877	0.8067	0.0000	-0.2830	-0.2315	0.1046	1.0000
573	0.9977	-0.0617	-0.0266	0.0000	0.0341	0.8064	-0.5904	0.0000	0.0579	0.5881	0.8067	0.0000	-0.2827	-0.2312	0.1040	1.0000
574	0.9978	-0.0608	-0.0250	0.0000	0.0344	0.8072	-0.5893	0.0000	0.0560	0.5872	0.8075	0.0000	-0.2821	-0.2306	0.1036	1.0000
575	0.9978	-0.0608	-0.0250	0.0000	0.0344	0.8072	-0.5893	0.0000	0.0560	0.5872	0.8075	0.0000	-0.2821	-0.2306	0.1036	1.0000
576	0.9976	-0.0649	-0.0242	0.0000	0.0382	0.8071	-0.5892	0.0000	0.0578	0.5869	0.8076	0.0000	-0.2810	-0.2305	0.1043	1.0000
577	0.9976	-0.0649	-0.0242	0.0000	0.0382	0.8071	-0.5892	0.0000	0.0578	0.5869	0.8076	0.0000	-0.2810	-0.2305	0.1043	1.0000
578	0.9976	-0.0661	-0.0227	0.0000	0.0402	0.8084	-0.5872	0.0000	0.0572	0.5849	0.8091	0.0000	-0.2799	-0.2291	0.1046	1.0000
579	0.9976	-0.0661	-0.0227	0.0000	0.0402	0.8084	-0.5872	0.0000	0.0572	0.5849	0.8091	0.0000	-0.2799	-0.2291	0.1046	1.0000
580	0.9978	-0.0624	-0.0205	0.0000	0.0389	0.8127	-0.5814	0.0000	0.0529	0.5793	0.8134	0.0000	-0.2788	-0.2268	0.1051	1.0000
581	0.9978	-0.0624	-0.0205	0.0000	0.0389	0.8127	-0.5814	0.0000	0.0529	0.5793	0.8134	0.0000	-0.2788	-0.2268	0.1051	1.0000
582	0.9982	-0.0575	-0.0182	0.0000	0.0368	0.8188	-0.5729	0.0000	0.0478	0.5712	0.8194	0.0000	-0.2772	-0.2235	0.1068	1.0000
583	0.9982	-0.0575	-0.0182	0.0000	0.0368	0.8188	-0.5729	0.0000	0.0478	0.5712	0.8194	0.0000	-0.2772	-0.2235	0.1068	1.0000
584	0.9985	-0.0517	-0.0153	0.0000	0.0343	0.8276	-0.5603	0.0000	0.0416	0.5590	0.8281	0.0000	-0.2757	-0.2189	0.1077	1.0000
585	0.9985	-0.0517	-0.0153	0.0000	0.0343	0.8276	-0.5603	0.0000	0.0416	0.5590	0.8281	0.0000	-0.2757	-0.2189	0.1077	1.0000
586	0.9987	-0.0483	-0.0134	0.0000	0.0334	0.8399	-0.5417	0.0000	0.0375	0.5406	0.8404	0.0000	-0.2737	-0.2124	0.1087	1.0000
587	0.9987	-0.0483	-0.0134	0.0000	0.0334	0.8399	-0.5417	0.0000	0.0375	0.5406	0.8404	0.0000	-0.2737	-0.2124	0.1087	1.0000
588	0.9988	-0.0486	-0.0106	0.0000	0.0359	0.8530	-0.5207	0.0000	0.0344	0.5197	0.8537	0.0000	-0.2722	-0.2029	0.1105	1.0000
589	0.9988	-0.0487	-0.0063	0.0000	0.0392	0.8683	-0.4945	0.0000	0.0295	0.4936	0.8692	0.0000	-0.2692	-0.1918	0.1113	1.0000
590	0.9988	-0.0487	-0.0063	0.0000	0.0392	0.8683	-0.4945	0.0000	0.0295	0.4936	0.8692	0.0000	-0.2692	-0.1918	0.1113	1.0000
591	0.9988	-0.0487	-0.0063	0.0000	0.0392	0.8683	-0.4945	0.0000	0.0295	0.4936	0.8692	0.0000	-0.2692	-0.1918	0.1113	1.0000
592	0.9989	-0.0477	-0.0006	0.0000	0.0421	0.8864	-0.4611	0.0000	0.0225	0.4605	0.8874	0.0000	-0.2658	-0.1783	0.1121	1.0000
593	0.9989	-0.0473	0.0067	0.0000	0.0456	0.9048	-0.4233	0.0000	0.0140	0.4232	0.9059	0.0000	-0.2618	-0.1627	0.1132	1.0000
594	0.9989	-0.0473	0.0066	0.0000	0.0456	0.9048	-0.4234	0.0000	0.0141	0.4232	0.9059	0.0000	-0.2609	-0.1631	0.1128	1.0000
595	0.9989	-0.0473	0.0066	0.0000	0.0456	0.9048	-0.4234	0.0000	0.0141	0.4232	0.9059	0.0000	-0.2609	-0.1631	0.1128	1.0000
596	0.9987	-0.0487	0.0148	0.0000	0.0507	0.9214	-0.3853	0.0000	0.0052	0.3856	0.9227	0.0000	-0.2562	-0.1461	0.1143	1.0000
597	0.9983	-0.0540	0.0238	0.0000	0.0589	0.9354	-0.3486	0.0000	-0.0034	0.3494	0.9370	0.0000	-0.2507	-0.1280	0.1165	1.0000
598	0.9983	-0.0540	0.0238	0.0000	0.0589	0.9354	-0.3486	0.0000	-0.0034	0.3494	0.9370	0.0000	-0.2507	-0.1280	0.1165	1.0000
599	0.9983	-0.0540	0.0238	0.0000	0.0589	0.9354	-0.3486	0.0000	-0.0034	0.3494	0.9370	0.0000	-0.2507	-0.1280	0.1165	1.0000
600	0.9976	-0.0619	0.0321	0.0000	0.0688	0.9485	-0.3091	0.0000	-0.0113	0.3105	0.9505	0.0000	-0.2446	-0.1091	0.1198	1.0000
601	0.9969	-0.0693	0.0364	0.0000	0.0766	0.9598	-0.2699	0.0000	-0.0163	0.2719	0.9622	0.0000	-0.2380	-0.0898	0.1235	1.0000
602	0.9969	-0.0693	0.0364	0.0000	0.0766	0.9598	-0.2699	0.0000	-0.0163	0.2719	0.9622	0.0000	-0.2380	-0.0898	0.1235	1.0000
603	0.9965	-0.0732	0.0411	0.0000	0.0808	0.9692	-0.2324	0.0000	-0.0228	0.2349	0.9717	0.0000	-0.2311	-0.0706	0.1278	1.0000
604	0.9965	-0.0732	0.0411	0.0000	0.0808	0.9692	-0.2324	0.0000	-0.0228	0.2349	0.9717	0.0000	-0.2311	-0.0706	0.1278	1.0000
605	0.9958	-0.0749	0.0520	0.0000	0.0836	0.9777	-0.1927	0.0000	-0.0364	0.1963	0.9799	0.0000	-0.2234	-0.0516	0.1328	1.0000
606	0.9958	-0.0749	0.0521	0.0000	0.0836	0.9777	-0.1927	0.0000	-0.0365	0.1963	0.9799	0.0000	-0.2235	-0.0515	0.1325	1.0000
607	0.9948	-0.0769	0.0663	0.0000	0.0867	0.9834	-0.1593	0.0000	-0.0529	0.1642	0.9850	0.0000	-0.2151	-0.0334	0.1377	1.0000
608	0.9948	-0.0769	0.0663	0.0000	0.0867	0.9834	-0.1593	0.0000	-0.0529	0.1642	0.9850	0.0000	-0.2151	-0.0334	0.1377	1.0000
609	0.9948	-0.0769	0.0663	0.0000	0.0867	0.9834	-0.1593	0.0000	-0.0529	0.1642	0.9850	0.0000	-0.2151	-0.0334	0.1377	1.0000
610	0.9935	-0.0789	0.0817	0.0000	0.0889	0.9880	-0.1265	0.0000	-0.0707	0.1329	0.9886	0.0000	-0.2060	-0.0162	0.1434	1.0000
611	0.9917	-0.0847	0.0967	0.0000	0.0937	0.9912	-0.0931	0.0000	-0.0880	0.1014	0.9909	0.0000	-0.1954	-0.0001	0.1490	1.0000
612	0.9917	-0.0847	0.0967	0.0000	0.0937	0.9912	-0.0931	0.0000	-0.0880	0.1014	0.9909	0.0000	-0.1954	-0.0001	0.1490	1.0000
613	0.9896	-0.0916	0.1109	0.0000	0.0995	0.9928	-0.0673	0.0000	-0.1039	0.0777	0.9915	0.0000	-0.1840	0.0144	0.1555	1.0000
614	0.9896	-0.0916	0.1109	0.0000	0.0995	0.9928	-0.0673	0.0000	-0.1039	0.0777	0.9915	0.0000	-0.1840	0.0144	0.1555	1.0000
615	0.9896	-0.0916	0.1109	0.0000	0.0995	0.9928	-0.0673	0.0000	-0.1039	0.0777	0.9915	0.0000	-0.1840	0.0144	0.1555	1.0000
616	0.9871	-0.0958	0.1284	0.0000	0.1019	0.9939	-0.0424	0.0000	-0.1235	0.0550	0.9908	0.0000	-0.1718	0.0274	0.1625	1.0000
617	0.9839	-0.0980	0.1492	0.0000	0.1016	0.9947	-0.0169	0.0000	-0.1467	0.0318	0.9887	0.0000	-0.1590	0.0391	0.1701	1.0000
618	0.9839	-0.0982	0.1491	0.0000	0.1018	0.9947	-0.0169	0.0000	-0.1466	0.0318	0.9887	0.0000	-0.1573	0.0385	0.1692	1.0000
619	0.9803	-0.0970	0.1720	0.0000	0.0973	0.9952	0.0062	0.0000	-0.1718	0.0107	0.9851	0.0000	-0.1439	0.0486	0.1771	1.0000
620	0.9803	-0.0970	0.1720	0.0000	0.0973	0.9952	0.0062	0.0000	-0.1718	0.0107	0.9851	0.0000	-0.1439	0.0486	0.1771	1.0000
621	0.9757	-0.0935	0.1981	0.0000	0.0895	0.9956	0.0290	0.0000	-0.2000	-0.0106	0.9797	0.0000	-0.1303	0.0575	0.1856	1.0000
622	0.9757	-0.0935	0.1981	0.0000	0.0895	0.9956	0.0290	0.0000	-0.2000	-0.0106	0.9797	0.0000	-0.1303	0.0575	0.1856	1.0000
623	0.9696	-0.0888	0.2279	0.0000	0.0788	0.9955	0.0525	0.0000	-0.2315	-0.0330	0.9723	0.0000	-0.1164	0.0654	0.1946	1.0000
624	0.9696	-0.0889	0.2279	0.0000	0.0790	0.9955	0.0526	0.0000	-0.2316	-0.0330	0.9723	0.0000	-0.1172	0.0678	0.1927	1.0000
625	0.9617	-0.0852	0.2605	0.0000	0.0690	0.9951	0.0710	0.0000	-0.2653	-0.0504	0.9628	0.0000	-0.1030	0.0750	0.2020	1.0000
626	0.9617	-0.0852	0.2605	0.0000	0.0690	0.9951	0.0710	0.0000	-0.2653	-0.0504	0.9628	0.0000	-0.1030	0.0750	0.2020	1.0000
627	0.9523	-0.0855	0.2931	0.0000	0.0628	0.9943	0.0861	0.0000	-0.2988	-0.0636	0.9522	0.0000	-0.0884	0.0814	0.2120	1.0000
628	0.9523	-0.0855	0.2931	0.0000	0.0628	0.9943	0.0861	0.0000	-0.2988	-0.0636	0.9522	0.0000	-0.0884	0.0814	0.2120	1.0000
629	0.9416	-0.0863	0.3256	0.0000	0.0561	0.9933	0.1011	0.0000	-0.3322	-0.0770	0.9401	0.0000	-0.0735	0.0870	0.2230	1.0000
630	0.9415	-0.0868	0.3255	0.0000	0.0566	0.9932	0.1013	0.0000	-0.3321	-0.0770	0.9401	0.0000	-0.0719	0.0891	0.2217	1.0000
631	0.9296	-0.0873	0.3580	0.0000	0.0470	0.9917	0.1198	0.0000	-0.3655	-0.0945	0.9260	0.0000	-0.0568	0.0941	0.2337	1.0000
632	0.9296	-0.0873	0.3580	0.0000	0.0470	0.9917	0.1198	0.0000	-0.3655	-0.0945	0.9260	0.0000	-0.0568	0.0941	0.2337	1.0000
633	0.9170	-0.0884	0.3891	0.0000	0.0383	0.9901	0.1347	0.0000	-0.3971	-0.1086	0.9113	0.0000	-0.0416	0.0982	0.2462	1.0000
634	0.9170	-0.0884	0.3891	0.0000	0.0383	0.9901	0.1347	0.0000	-0.3971	-0.1086	0.9113	0.0000	-0.0416	0.0982	0.2462	1.0000
635	0.9024	-0.0896	0.4215	0.0000	0.0311	0.9891	0.1436	0.0000	-0.4298	-0.1165	0.8954	0.0000	-0.0266	0.1014	0.2590	1.0000
636	0.9024	-0.0896	0.4215	0.0000	0.0312	0.9891	0.1436	0.0000	-0.4298	-0.1165	0.8954	0.0000	-0.0263	0.1018	0.2581	1.0000
637	0.8854	-0.0898	0.4561	0.0000	0.0227	0.9883	0.1506	0.0000	-0.4644	-0.1230	0.8771	0.0000	-0.0117	0.1041	0.2712	1.0000
638	0.8854	-0.0898	0.4561	0.0000	0.0227	0.9883	0.1506	0.0000	-0.4644	-0.1230	0.8771	0.0000	-0.0117	0.1041	0.2712	1.0000
639	0.8671	-0.0855	0.4908	0.0000	0.0093	0.9878	0.1556	0.0000	-0.4981	-0.1303	0.8573	0.0000	0.0023	0.1057	0.2847	1.0000
640	0.8671	-0.0855	0.4908	0.0000	0.0093	0.9878	0.1556	0.0000	-0.4981	-0.1303	0.8573	0.0000	0.0023	0.1057	0.2847	1.0000
641	0.8481	-0.0779	0.5241	0.0000	-0.0068	0.9874	0.1579	0.0000	-0.5298	-0.1375	0.8369	0.0000	0.0157	0.1067	0.2987	1.0000
642	0.8481	-0.0779	0.5241	0.0000	-0.0068	0.9874	0.1579	0.0000	-0.5298	-0.1375	0.8369	0.0000	0.0157	0.1067	0.2987	1.0000
643	0.8264	-0.0762	0.5580	0.0000	-0.0175	0.9869	0.1606	0.0000	-0.5629	-0.1425	0.8142	0.0000	0.0291	0.1062	0.3084	1.0000
644	0.8264	-0.0762	0.5580	0.0000	-0.0175	0.9869	0.1606	0.0000	-0.5629	-0.1425	0.8142	0.0000	0.0291	0.1062	0.3084	1.0000
645	0.8047	-0.0776	0.5886	0.0000	-0.0222	0.9868	0.1604	0.0000	-0.5933	-0.1421	0.7924	0.0000	0.0418	0.1061	0.3223	1.0000
646	0.8047	-0.0776	0.5886	0.0000	-0.0222	0.9868	0.1604	0.0000	-0.5933	-0.1421	0.7924	0.0000	0.0418	0.1061	0.3223	1.0000
647	0.8047	-0.0776	0.5886	0.0000	-0.0222	0.9868	0.1604	0.0000	-0.5933	-0.1421	0.7924	0.0000	0.0418	0.1061	0.3223	1.0000
648	0.7864	-0.0805	0.6125	0.0000	-0.0221	0.9872	0.1580	0.0000	-0.6173	-0.1378	0.7745	0.0000	0.0543	0.1054	0.3359	1.0000
649	0.7675	-0.0886	0.6349	0.0000	-0.0137	0.9879	0.1543	0.0000	-0.6409	-0.1271	0.7570	0.0000	0.0662	0.1042	0.3489	1.0000
650	0.7465	-0.0971	0.6583	0.0000	-0.0045	0.9885	0.1509	0.0000	-0.6654	-0.1156	0.7375	0.0000	0.0814	0.1052	0.3593	1.0000
651	0.7465	-0.0971	0.6583	0.0000	-0.0045	0.9885	0.1509	0.0000	-0.6654	-0.1156	0.7375	0.0000	0.0814	0.1052	0.3593	1.0000
652	0.7268	-0.1000	0.6795	0.0000	-0.0017	0.9891	0.1473	0.0000	-0.6868	-0.1082	0.7187	0.0000	0.0912	0.1037	0.3707	1.0000
653	0.7268	-0.1000	0.6795	0.0000	-0.0017	0.9891	0.1473	0.0000	-0.6868	-0.1082	0.7187	0.0000	0.0912	0.1037	0.3707	1.0000
654	0.7052	-0.0978	0.7022	0.0000	-0.0029	0.9900	0.1408	0.0000	-0.7090	-0.1014	0.6979	0.0000	0.0991	0.1012	0.3791	1.0000
655	0.7052	-0.0978	0.7022	0.0000	-0.0029	0.9900	0.1408	0.0000	-0.7090	-0.1014	0.6979	0.0000	0.0991	0.1012	0.3791	1.0000
656	0.6841	-0.0945	0.7232	0.0000	-0.0063	0.9908	0.1354	0.0000	-0.7294	-0.0972	0.6772	0.0000	0.1065	0.0997	0.3878	1.0000
657	0.6841	-0.0945	0.7232	0.0000	-0.0063	0.9908	0.1354	0.0000	-0.7294	-0.0972	0.6772	0.0000	0.1065	0.0997	0.3878	1.0000
658	0.6841	-0.0945	0.7232	0.0000	-0.0063	0.9908	0.1354	0.0000	-0.7294	-0.0972	0.6772	0.0000	0.1065	0.0997	0.3878	1.0000
659	0.6611	-0.0930	0.7445	0.0000	-0.0091	0.9912	0.1319	0.0000	-0.7503	-0.0939	0.6544	0.0000	0.1129	0.0982	0.3956	1.0000
660	0.6420	-0.0930	0.7610	0.0000	-0.0112	0.9914	0.1305	0.0000	-0.7666	-0.0923	0.6355	0.0000	0.1186	0.0967	0.4024	1.0000
661	0.6420	-0.0930	0.7610	0.0000	-0.0112	0.9914	0.1305	0.0000	-0.7666	-0.0923	0.6355	0.0000	0.1186	0.0967	0.4024	1.0000
662	0.6297	-0.0928	0.7713	0.0000	-0.0098	0.9918	0.1274	0.0000	-0.7768	-0.0877	0.6236	0.0000	0.1216	0.0935	0.4035	1.0000
663	0.6297	-0.0928	0.7713	0.0000	-0.0098	0.9918	0.1274	0.0000	-0.7768	-0.0877	0.6236	0.0000	0.1216	0.0935	0.4035	1.0000
664	0.6210	-0.0955	0.7780	0.0000	-0.0058	0.9920	0.1263	0.0000	-0.7838	-0.0830	0.6154	0.0000	0.1262	0.0917	0.4078	1.0000
665	0.6210	-0.0955	0.7780	0.0000	-0.0058	0.9920	0.1263	0.0000	-0.7838	-0.0830	0.6154	0.0000	0.1262	0.0917	0.4078	1.0000
666	0.6210	-0.0951	0.7780	0.0000	-0.0055	0.9921	0.1257	0.0000	-0.7838	-0.0824	0.6155	0.0000	0.1191	0.0909	0.4014	1.0000
667	0.6118	-0.0970	0.7851	0.0000	-0.0036	0.9921	0.1255	0.0000	-0.7910	-0.0796	0.6066	0.0000	0.1225	0.0892	0.4045	1.0000
668	0.6056	-0.0951	0.7900	0.0000	-0.0048	0.9924	0.1231	0.0000	-0.7957	-0.0783	0.6006	0.0000	0.1254	0.0876	0.4070	1.0000
669	0.6056	-0.0951	0.7900	0.0000	-0.0048	0.9924	0.1231	0.0000	-0.7957	-0.0783	0.6006	0.0000	0.1254	0.0876	0.4070	1.0000
670	0.6023	-0.0926	0.7929	0.0000	-0.0054	0.9928	0.1200	0.0000	-0.7983	-0.0766	0.5974	0.0000	0.1280	0.0859	0.4089	1.0000
671	0.6023	-0.0926	0.7929	0.0000	-0.0054	0.9928	0.1200	0.0000	-0.7983	-0.0766	0.5974	0.0000	0.1280	0.0859	0.4089	1.0000
672	0.5955	-0.0917	0.7981	0.0000	-0.0061	0.9929	0.1187	0.0000	-0.8033	-0.0756	0.5907	0.0000	0.1276	0.0851	0.4088	1.0000
673	0.5955	-0.0917	0.7981	0.0000	-0.0061	0.9929	0.1187	0.0000	-0.8033	-0.0756	0.5907	0.0000	0.1276	0.0851	0.4088	1.0000
674	0.5864	-0.0909	0.8049	0.0000	-0.0075	0.9930	0.1177	0.0000	-0.8100	-0.0751	0.5817	0.0000	0.1295	0.0839	0.4101	1.0000
675	0.5864	-0.0909	0.8049	0.0000	-0.0075	0.9930	0.1177	0.0000	-0.8100	-0.0751	0.5817	0.0000	0.1295	0.0839	0.4101	1.0000
676	0.5791	-0.0884	0.8105	0.0000	-0.0081	0.9934	0.1141	0.0000	-0.8152	-0.0727	0.5746	0.0000	0.1315	0.0826	0.4111	1.0000
677	0.5791	-0.0884	0.8105	0.0000	-0.0081	0.9934	0.1141	0.0000	-0.8152	-0.0727	0.5746	0.0000	0.1315	0.0826	0.4111	1.0000
678	0.5723	-0.0858	0.8155	0.0000	-0.0076	0.9939	0.1099	0.0000	-0.8200	-0.0691	0.5682	0.0000	0.1342	0.0824	0.4139	1.0000
679	0.5723	-0.0858	0.8155	0.0000	-0.0076	0.9939	0.1099	0.0000	-0.8200	-0.0691	0.5682	0.0000	0.1342	0.0824	0.4139	1.0000
680	0.5644	-0.0858	0.8210	0.0000	-0.0051	0.9942	0.1074	0.0000	-0.8255	-0.0648	0.5607	0.0000	0.1359	0.0814	0.4143	1.0000
681	0.5644	-0.0858	0.8210	0.0000	-0.0051	0.9942	0.1074	0.0000	-0.8255	-0.0648	0.5607	0.0000	0.1359	0.0814	0.4143	1.0000
682	0.5579	-0.0857	0.8255	0.0000	-0.0030	0.9944	0.1052	0.0000	-0.8299	-0.0612	0.5546	0.0000	0.1372	0.0806	0.4144	1.0000
